  360    0.0000    0.0000
  361    0.0000    0.0000
  362    0.0000    0.0000
  363    0.0000    0.0000
  364    0.0000    0.0000
  365    0.0000    0.0000
  366    0.0000    0.0000
  367    0.0000    0.0000
  368    0.0000    0.0000
  369    0.0000    0.0000
  370    0.0000    0.0000
  371    0.0000    0.0000
  372    0.0000    0.0000
  373    0.0000    0.0000
  374    0.0000    0.0000
  375    0.0000    0.0000
  376    0.0000    0.0000
  377    0.0000    0.0000
  378    0.0000    0.0000
  379    0.0000    0.0000
  380    0.0000    0.0000
  381    0.0000    0.0000
  382    0.0000    0.0000
  383    0.0000    0.0000
  384    0.0000    0.0000
  385    0.0000    0.0000
  386    0.0000    0.0000
  387    0.0000    0.0000
  388    0.0000    0.0000
  389    0.0000    0.0000
  390    0.0000    0.0000
  391    0.0000    0.0000
  392    0.0000    0.0000
  393    0.0000    0.0000
  394    0.0000    0.0000
  395    0.0000    0.0000
  396    0.0000    0.0000
  397    0.0000    0.0000
  398    0.0000    0.0000
  399    0.0000    0.0000
  400    0.0000    0.0000
  401    0.0000    0.0000
  402    0.0000    0.0000
  403    0.0000    0.0000
  404    0.0000    0.0000
  405    0.0000    0.0000
  406    0.0000    0.0000
  407    0.0000    0.0000
  408    0.0000    0.0000
  409    0.0000    0.0000
  410    0.0000    0.0000
  411    0.0000    0.0000
  412    0.0000    0.0000
  413    0.0000    0.0000
  414    0.0000    0.0000
  415    0.0000    0.0000
  416    0.0000    0.0000
  417    0.0000    0.0000
  418    0.0000    0.0000
  419    0.0000    0.0000
  420    0.0000    0.0000
  421    0.0000    0.0000
  422    0.0000    0.0000
  423    0.0000    0.0000
  424    0.0000    0.0000
  425    0.0000    0.0000
  426    0.0000    0.0000
  427    0.0000    0.0000
  428    0.0000    0.0000
  429    0.0000    0.0000
  430    0.0000    0.0000
  431    0.0000    0.0000
  432    0.0000    0.0000
  433    0.0000    0.0000
  434    0.0000    0.0000
  435    0.0000    0.0000
  436    0.0000    0.0000
  437    0.0000    0.0000
  438    0.0000    0.0000
  439    0.0000    0.0000
  440    0.0000    0.0000
  441    0.0000    0.0000
  442    0.0000    0.0000
  443    0.0000    0.0000
  444    0.0000    0.0000
  445    0.0000    0.0000
  446    0.0000    0.0000
  447    0.0000    0.0000
  448    0.0000    0.0000
  449    0.0000    0.0000
  450    0.0000    0.0000
  451    0.0000    0.0000
  452    0.0000    0.0000
  453    0.0000    0.0000
  454    0.0000    0.0000
  455    0.0000    0.0000
  456    0.0000    0.0000
  457    0.0000    0.0000
  458    0.0000    0.0000
  459    0.0000    0.0000
  460    0.0000    0.0000
  461    0.0000    0.0000
  462    0.0000    0.0000
  463    0.0000    0.0000
  464    0.0000    0.0000
  465    0.0000    0.0000
  466    0.0000    0.0000
  467    0.0000    0.0000
  468    0.0000    0.0000
  469    0.0000    0.0000
  470    0.0000    0.0000
  471    0.0000    0.0000
  472    0.0000    0.0000
  473    0.0000    0.0000
  474    0.0000    0.0000
  475    0.0000    0.0000
  476    0.0000    0.0000
  477    0.0000    0.0000
  478    0.0000    0.0000
  479    -0.0000    0.0134
  480    -0.0000    0.0833
  481    -0.0000    0.1521
  482    -0.0000    0.2198
  483    -0.0000    0.2864
  484    -0.0000    0.3519
  485    -0.0000    0.4549
  486    -0.0000    0.5851
  487    -0.0000    0.7132
  488    -0.0000    0.8606
  489    -0.0000    1.0121
  490    -0.0000    1.1609
  491    -0.0000    1.3609
  492    -0.0000    1.5836
  493    -0.0000    1.8019
  494    -0.0000    2.1067
  495    -0.0000    2.4196
  496    -0.0000    2.7292
  497    -0.0000    3.1097
  498    -0.0000    3.4796
  499    -0.0000    3.8527
  500    -0.0000    4.2594
  501    -0.0000    4.6511
  502    -0.0000    5.0523
  503    -0.0000    5.4692
  504    -0.0000    5.8657
  505    -0.0000    6.2883
  506    -0.0000    6.7151
  507    -0.0000    7.1144
  508    -0.0000    7.4648
  509    -0.0000    7.7405
  510    -0.0000    7.9810
  511    -0.0000    8.2288
  512    -0.0000    8.4383
  513    -0.0000    8.6156
  514    -0.0000    8.7763
  515    -0.0000    8.8996
  516    -0.0000    8.9776
  517    -0.0000    9.0080
  518    -0.0000    9.0102
  519    -0.0000    8.9978
  520    -0.0000    9.0356
  521    -0.0000    9.0525
  522    -0.0000    8.9966
  523    -0.0000    8.8025
  524    -0.0000    8.4799
  525    -0.0000    8.0741
  526    -0.0000    7.6067
  527    -0.0000    7.1257
  528    -0.0000    6.6626
  529    -0.0000    6.2204
  530    -0.0000    5.7929
  531    -0.0000    5.3784
  532    -0.0000    4.9939
  533    -0.0000    4.6378
  534    -0.0000    4.3065
  535    -0.0000    4.0040
  536    -0.0000    3.7742
  537    -0.0000    3.6001
  538    -0.0000    3.4463
  539    -0.0000    3.3063
  540    -0.0000    3.1828
  541    -0.0000    3.0797
  542    -0.0000    2.9958
  543    -0.0000    2.9267
  544    -0.0000    2.8701
  545    -0.0000    2.8174
  546    -0.0000    2.7740
  547    -0.0000    2.7365
  548    -0.0000    2.7049
  549    -0.0000    2.6725
  550    -0.0000    2.6356
  551    -0.0000    2.5890
  552    -0.0000    2.5315
  553    -0.0000    2.4588
  554    -0.0000    2.3677
  555    -0.0000    2.2534
  556    -0.0000    2.1089
  557    -0.0000    1.9282
  558    -0.0000    1.7043
  559    -0.0000    1.4282
  560    -0.0000    1.0892
  561    -0.0000    0.6749
  562    -0.0000    0.1840
  563    -0.0000    -0.6928
  564    -0.0000    -1.1714
  565    -0.0000    -1.7416
  566    -0.0000    -2.3301
  567    -0.0000    -2.8873
  568    -0.0000    -3.3771
  569    -0.0000    -3.7726
  570    -0.0000    -4.0514
  571    -0.0000    -4.2074
  572    -0.0000    -4.2498
  573    -0.0000    -4.1909
  574    -0.0000    -4.0510
  575    -0.0000    -3.8498
  576    -0.0000    -3.6023
  577    -0.0000    -3.3216
  578    -0.0000    -3.0190
  579    -0.0000    -2.7032
  580    -0.0000    -2.3846
  581    -0.0000    -2.0692
  582    -0.0000    -1.7607
  583    -0.0000    -1.4668
  584    -0.0000    -1.1953
  585    -0.0000    -0.9517
  586    -0.0000    -0.7433
  587    -0.0000    -0.5775
  588    -0.0000    -0.4566
  589    -0.0000    -0.0325
  590    -0.0000    -0.7845
  591    -0.0000    -0.0340
  592    -0.0000    -0.8005
  593    -0.0000    -0.5212
  594    -0.0000    -0.3800
  595    -0.0000    -0.0357
  596    -0.0000    0.0224
  597    -0.0000    0.0227
  598    -0.0000    0.0229
  599    -0.0000    0.0232
  600    -0.0000    0.0234
  601    -0.0000    0.0236
  602    -0.0000    0.0239
  603    -0.0000    0.0241
  604    -0.0000    0.0243
  605    -0.0000    0.0246
  606    -0.0000    0.0248
  607    -0.0000    0.3640
  608    -0.0000    0.6838
  609    -0.0000    1.0125
  610    -0.0000    1.3416
  611    -0.0000    1.6629
  612    -0.0000    1.9699
  613    -0.0000    2.2504
  614    -0.0000    2.4975
  615    -0.0000    2.7129
  616    -0.0000    2.8941
  617    -0.0000    3.0433
  618    -0.0000    3.1617
  619    -0.0000    3.2488
  620    -0.0000    3.3073
  621    -0.0000    3.3380
  622    -0.0000    3.3409
  623    -0.0000    3.3225
  624    -0.0000    3.2848
  625    -0.0000    3.2360
  626    -0.0000    3.1771
  627    -0.0000    3.1057
  628    -0.0000    3.0247
  629    -0.0000    2.9377
  630    -0.0000    2.8456
  631    -0.0000    2.7517
  632    -0.0000    2.6582
  633    -0.0000    2.5647
  634    -0.0000    2.4746
  635    -0.0000    2.3894
  636    -0.0000    2.3077
  637    -0.0000    2.2321
  638    -0.0000    2.1623
  639    -0.0000    2.0971
  640    -0.0000    2.0367
  641    -0.0000    1.9790
  642    -0.0000    1.9222
  643    -0.0000    1.8662
  644    -0.0000    1.8084
  645    -0.0000    1.7473
  646    -0.0000    1.6825
  647    -0.0000    1.6143
  648    -0.0000    1.5382
  649    -0.0000    1.4545
  650    -0.0000    1.3626
  651    -0.0000    1.2636
  652    -0.0000    1.1583
  653    -0.0000    1.0474
  654    -0.0000    0.9340
  655    -0.0000    0.8195
  656    -0.0000    0.7059
  657    -0.0000    0.5984
  658    -0.0000    0.4988
  659    -0.0000    0.4074
  660    -0.0000    0.3273
  661    -0.0000    0.2613
  662    -0.0000    0.2103
  663    -0.0000    0.1765
  664    -0.0000    0.1612
  665    -0.0000    0.1646
  666    -0.0000    0.1861
  667    -0.0000    0.2234
  668    -0.0000    0.2727
  669    -0.0000    0.3316
  670    -0.0000    0.3955
  671    -0.0000    0.4609
  672    -0.0000    0.5247
  673    -0.0000    0.5840
  674    -0.0000    0.6379
  675    -0.0000    0.6859
  676    -0.0000    1.9099
  677    -0.0000    0.9302
  678    -0.0000    0.8754
  679    -0.0025    0.8398
  680    -0.0126    0.8143
  681    -0.0232    0.8128
  682    -0.0368    0.8063
  683    -0.0534    0.7948
  684    -0.0705    0.7787
  685    -0.0924    0.7591
  686    -0.1159    0.7347
  687    -0.1403    0.7067
  688    -0.1778    0.6765
  689    -0.2154    0.6380
  690    -0.2534    0.5952
  691    -0.3166    0.5505
  692    -0.3779    0.4906
  693    -0.4429    0.4245
  694    -0.5213    0.3532
  695    -0.5944    0.2713
  696    -0.6724    0.1879
  697    -0.7509    0.1004
  698    -0.8180    -0.0000
  699    -0.8920    -0.0000
  700    -0.9366    -0.1582
  701    -0.9765    -0.2408
  702    -1.0113    -0.2902
  703    -1.0200    -0.3284
  704    -1.0102    -0.3496
  705    -0.9839    -0.3555
  706    -0.9367    -0.3488
  707    -0.8766    -0.3284
  708    -0.8027    -0.2969
  709    -0.7244    -0.2564
  710    -0.6426    -0.2123
  711    -0.5566    -0.1667
  712    -0.4709    -0.1200
  713    -0.3844    -0.0743
  714    -0.2999    -0.0286
  715    -0.2166    -0.0000
  716    -0.1477    -0.0000
  717    -0.1071    -0.0000
  718    -0.0097    -0.0000
  719    -0.0100    -0.0000
  720    -0.0104    -0.0000
    1    -0.0107    -0.0000
    2    -0.0000    -0.0000
    3    0.1435    -0.0000
    4    0.3608    -0.0000
    5    -0.0000    0.1038
    6    0.4201    0.0594
    7    0.1485    0.0796
    8    0.2617    0.0330
    9    0.3682    -0.0443
   10    0.3302    -0.0522
   11    0.7213    -0.0740
   12    0.0307    -0.0000
   13    0.3166    -0.0950
   14    0.4179    -0.1130
   15    0.7513    -0.1190
   16    0.1684    -0.1108
   17    0.3131    -0.1192
   18    0.4449    -0.1223
   19    0.4244    -0.1209
   20    0.8466    -0.1182
   21    0.3508    -0.1098
   22    0.4106    -0.1053
   23    0.4634    -0.0988
   24    0.4935    -0.0914
   25    0.8393    -0.0827
   26    0.8696    -0.0719
   27    0.5715    -0.0597
   28    0.3270    -0.0472
   29    0.9667    -0.0373
   30    0.7555    -0.0304
   31    0.3833    -0.0235
   32    1.0214    -0.0164
   33    0.8168    -0.0090
   34    0.9393    -0.0014
   35    1.1682    -0.0000
   36    1.2679    -0.0000
   37    1.3867    -0.0000
   38    1.8329    -0.0000
   39    2.2804    -0.0000
   40    2.6127    -0.0000
   41    2.9675    -0.0000
   42    3.2796    -0.0000
   43    3.5777    -0.0000
   44    3.8464    -0.0000
   45    4.0931    -0.0000
   46    4.2921    -0.0000
   47    4.4386    -0.0000
   48    4.5418    -0.0000
   49    4.6190    -0.0000
   50    4.6935    -0.0000
   51    4.7583    -0.0000
   52    4.8212    -0.0000
   53    4.8692    -0.0000
   54    4.8945    -0.0000
   55    4.8914    -0.0000
   56    4.8769    -0.0000
   57    4.8592    -0.0000
   58    4.8407    -0.0000
   59    4.8183    -0.0000
   60    4.7948    -0.0000
   61    4.7777    -0.0000
   62    4.7650    -0.0000
   63    4.7527    -0.0000
   64    4.7314    -0.0000
   65    4.7047    -0.0000
   66    4.6892    -0.0000
   67    4.6897    -0.0000
   68    4.7103    -0.0000
   69    4.7569    -0.0000
   70    4.8357    -0.0000
   71    4.9611    -0.0000
   72    5.1415    -0.0000
   73    5.3614    -0.0000
   74    5.6062    -0.0000
   75    5.8514    -0.0000
   76    6.0742    -0.0000
   77    6.2649    -0.0000
   78    6.4159    -0.0000
   79    6.5379    -0.0000
   80    6.6399    -0.0000
   81    6.7266    -0.0000
   82    6.8034    -0.0000
   83    6.8748    -0.0000
   84    6.9367    -0.0000
   85    6.9909    -0.0000
   86    7.0410    -0.0000
   87    7.0833    -0.0000
   88    7.1231    -0.0000
   89    7.1611    -0.0000
   90    7.1898    -0.0000
   91    7.2101    -0.0000
   92    7.2134    -0.0000
   93    7.1928    -0.0000
   94    7.1447    -0.0000
   95    7.0631    -0.0000
   96    6.9439    -0.0000
   97    6.7861    -0.0000
   98    6.5864    -0.0000
   99    6.3456    -0.0000
  100    6.0688    -0.0000
  101    5.7549    -0.0000
  102    5.4126    -0.0000
  103    5.0492    -0.0000
  104    4.6719    -0.0000
  105    4.2910    -0.0000
  106    3.9114    -0.0000
  107    3.5464    -0.0000
  108    3.2021    -0.0000
  109    2.8017    -0.0000
  110    2.6006    -0.0000
  111    2.4385    -0.0000
  112    2.1969    -0.0000
  113    1.0277    -0.0000
  114    1.3420    -0.0000
  115    1.3377    -0.0000
  116    1.3257    -0.0000
  117    1.3145    -0.0000
  118    1.3097    -0.0000
  119    1.3074    -0.0000
  120    1.3123    -0.0000
  121    2.3791    -0.0000
  122    1.3017    -0.0000
  123    2.1836    -0.0000
  124    2.1098    -0.0000
  125    2.0936    -0.0000
  126    2.6747    -0.0000
  127    1.9405    -0.0000
  128    2.2913    -0.0000
  129    2.0112    -0.0000
  130    1.9380    -0.0000
  131    0.8879    -0.0000
  132    1.9446    -0.0000
  133    1.1338    -0.0000
  134    1.0786    -0.0000
  135    1.0324    -0.0000
  136    0.9759    -0.0000
  137    0.9058    -0.0000
  138    0.8261    -0.0000
  139    0.7327    -0.0000
  140    1.1460    -0.0000
  141    1.2004    -0.0000
  142    0.9363    -0.0000
  143    0.4104    -0.0000
  144    -0.5273    -0.0000
  145    -0.0261    -0.0000
  146    -0.4108    -0.0000
  147    -0.5093    -0.0000
  148    -0.5863    -0.0000
  149    -0.6648    -0.0000
  150    -0.7452    -0.0000
  151    -0.8163    -0.0000
  152    -0.8830    -0.0000
  153    -0.9431    -0.0000
  154    -0.9962    -0.0000
  155    -1.0403    -0.0000
  156    -1.0727    -0.0000
  157    -1.1086    -0.0000
  158    -1.1373    -0.0000
  159    -1.1495    -0.0000
  160    -1.1478    -0.0000
  161    -1.1370    -0.0000
  162    -1.1231    -0.0000
  163    -1.1103    -0.0000
  164    -1.0993    -0.0000
  165    -1.0872    -0.0000
  166    -1.0689    -0.0000
  167    -1.0388    -0.0000
  168    -0.9920    -0.0000
  169    -0.9262    -0.0000
  170    -0.8410    -0.0000
  171    -0.7382    -0.0000
  172    -0.6204    -0.0000
  173    -0.4905    -0.0000
  174    -0.3509    -0.0000
  175    -0.2045    -0.0000
  176    -0.0125    -0.0000
  177    -0.0000    -0.0000
  178    0.2014    -0.0000
  179    0.2950    -0.0000
  180    0.3435    -0.0000
  181    0.3570    -0.0000
  182    0.3423    -0.0000
  183    0.3094    -0.0000
  184    0.2698    -0.0000
  185    0.2331    -0.0000
  186    0.2075    -0.0000
  187    0.1991    -0.0000
  188    0.2108    -0.0000
  189    0.2393    -0.0000
  190    0.2743    -0.0000
  191    0.3022    -0.0000
  192    0.3126    -0.0000
  193    0.3023    -0.0000
  194    0.2729    -0.0000
  195    0.2336    -0.0000
  196    0.1874    -0.0000
  197    0.1394    -0.0000
  198    0.0937    -0.0000
  199    0.0494    -0.0000
  200    0.0039    -0.0000
  201    -0.0333    -0.0000
  202    -0.0519    -0.0000
  203    -0.0626    -0.0000
  204    -0.0688    -0.0000
  205    -0.0714    -0.0000
  206    -0.0735    -0.0000
  207    -0.0738    -0.0000
  208    -0.0723    -0.0000
  209    -0.0693    -0.0000
  210    -0.0651    -0.0000
  211    -0.0601    -0.0000
  212    -0.0546    -0.0000
  213    -0.0489    -0.0000
  214    -0.0432    -0.0000
  215    -0.0376    -0.0000
  216    -0.0321    -0.0000
  217    -0.0287    -0.0000
  218    -0.0253    -0.0000
  219    -0.0219    -0.0000
  220    -0.0180    -0.0000
  221    -0.0140    -0.0000
  222    -0.0104    -0.0000
  223    -0.0083    -0.0000
  224    -0.0063    -0.0000
  225    -0.0044    -0.0000
  226    -0.0025    -0.0000
  227    -0.0005    -0.0000
  228    -0.0005    -0.0000
  229    -0.0005    -0.0000
  230    0.0000    0.0000
  231    0.0000    0.0000
  232    0.0000    0.0000
  233    0.0000    0.0000
  234    0.0000    0.0000
  235    0.0000    0.0000
  236    0.0000    0.0000
  237    0.0000    0.0000
  238    0.0000    0.0000
  239    0.0000    0.0000
  240    0.0000    0.0000
  241    0.0000    0.0000
  242    0.0000    0.0000
  243    0.0000    0.0000
  244    0.0000    0.0000
  245    0.0000    0.0000
  246    0.0000    0.0000
  247    0.0000    0.0000
  248    0.0000    0.0000
  249    0.0000    0.0000
  250    0.0000    0.0000
  251    0.0000    0.0000
  252    0.0000    0.0000
  253    0.0000    0.0000
  254    0.0000    0.0000
  255    0.0000    0.0000
  256    0.0000    0.0000
  257    0.0000    0.0000
  258    0.0000    0.0000
  259    0.0000    0.0000
  260    0.0000    0.0000
  261    0.0000    0.0000
  262    0.0000    0.0000
  263    0.0000    0.0000
  264    0.0000    0.0000
  265    0.0000    0.0000
  266    0.0000    0.0000
  267    0.0000    0.0000
  268    0.0000    0.0000
  269    0.0000    0.0000
  270    0.0000    0.0000
  271    0.0000    0.0000
  272    0.0000    0.0000
  273    0.0000    0.0000
  274    0.0000    0.0000
  275    0.0000    0.0000
  276    0.0000    0.0000
  277    0.0000    0.0000
  278    0.0000    0.0000
  279    0.0000    0.0000
  280    0.0000    0.0000
  281    0.0000    0.0000
  282    0.0000    0.0000
  283    0.0000    0.0000
  284    0.0000    0.0000
  285    0.0000    0.0000
  286    0.0000    0.0000
  287    0.0000    0.0000
  288    0.0000    0.0000
  289    0.0000    0.0000
  290    0.0000    0.0000
  291    0.0000    0.0000
  292    0.0000    0.0000
  293    0.0000    0.0000
  294    0.0000    0.0000
  295    0.0000    0.0000
  296    0.0000    0.0000
  297    0.0000    0.0000
  298    0.0000    0.0000
  299    0.0000    0.0000
  300    0.0000    0.0000
  301    0.0000    0.0000
  302    0.0000    0.0000
  303    0.0000    0.0000
  304    0.0000    0.0000
  305    0.0000    0.0000
  306    0.0000    0.0000
  307    0.0000    0.0000
  308    0.0000    0.0000
  309    0.0000    0.0000
  310    0.0000    0.0000
  311    0.0000    0.0000
  312    0.0000    0.0000
  313    0.0000    0.0000
  314    0.0000    0.0000
  315    0.0000    0.0000
  316    0.0000    0.0000
  317    0.0000    0.0000
  318    0.0000    0.0000
  319    0.0000    0.0000
  320    0.0000    0.0000
  321    0.0000    0.0000
  322    0.0000    0.0000
  323    0.0000    0.0000
  324    0.0000    0.0000
  325    0.0000    0.0000
  326    0.0000    0.0000
  327    0.0000    0.0000
  328    0.0000    0.0000
  329    0.0000    0.0000
  330    0.0000    0.0000
  331    0.0000    0.0000
  332    0.0000    0.0000
  333    0.0000    0.0000
  334    0.0000    0.0000
  335    0.0000    0.0000
  336    0.0000    0.0000
  337    0.0000    0.0000
  338    0.0000    0.0000
  339    0.0000    0.0000
  340    0.0000    0.0000
  341    0.0000    0.0000
  342    0.0000    0.0000
  343    0.0000    0.0000
  344    0.0000    0.0000
  345    0.0000    0.0000
  346    0.0000    0.0000
  347    0.0000    0.0000
  348    0.0000    0.0000
  349    0.0000    0.0000
  350    0.0000    0.0000
  351    0.0000    0.0000
  352    0.0000    0.0000
  353    0.0000    0.0000
  354    0.0000    0.0000
  355    0.0000    0.0000
  356    0.0000    0.0000
  357    0.0000    0.0000
  358    0.0000    0.0000
  359    0.0000    0.0000
  360    0.0000    0.0000
