  360    51.1254
  361    52.6744
  362    54.0957
  363    55.3793
  364    56.5172
  365    57.5029
  366    58.3320
  367    59.0019
  368    59.5119
  369    59.8627
  370    60.0569
  371    60.0983
  372    59.9919
  373    59.7440
  374    59.3614
  375    58.8518
  376    58.2235
  377    57.4851
  378    56.6451
  379    55.7125
  380    54.6961
  381    53.6045
  382    52.4461
  383    51.2291
  384    49.9614
  385    48.6506
  386    47.3025
  387    45.9223
  388    44.5149
  389    43.0290
  390    41.5906
  391    40.1998
  392    38.8565
  393    37.5600
  394    36.3098
  395    35.1051
  396    33.9449
  397    32.8282
  398    31.7539
  399    30.7207
  400    29.7274
  401    28.7727
  402    27.8554
  403    26.9742
  404    26.1278
  405    25.3149
  406    24.5342
  407    23.7845
  408    23.0645
  409    22.3732
  410    21.7093
  411    21.0716
  412    20.4592
  413    19.8710
  414    19.3059
  415    18.7630
  416    18.2413
  417    17.7400
  418    17.2581
  419    16.7949
  420    16.3494
  421    15.9211
  422    15.5090
  423    15.1126
  424    14.7312
  425    14.3641
  426    14.0107
  427    13.6704
  428    13.3427
  429    13.0270
  430    12.7229
  431    12.4298
  432    12.1473
  433    11.8749
  434    11.6122
  435    11.3588
  436    11.1144
  437    10.8785
  438    10.6508
  439    10.4310
  440    10.2188
  441    10.0138
  442    9.8158
  443    9.6244
  444    9.4395
  445    9.2607
  446    9.0879
  447    8.9208
  448    8.7591
  449    8.6026
  450    8.4513
  451    8.3048
  452    8.1630
  453    8.0257
  454    7.8927
  455    7.7639
  456    7.6391
  457    7.5182
  458    7.4010
  459    7.2874
  460    7.1773
  461    7.0705
  462    6.9670
  463    6.8665
  464    6.7691
  465    6.6745
  466    6.5828
  467    6.4937
  468    6.4073
  469    6.3233
  470    6.2419
  471    6.1627
  472    6.0859
  473    6.0112
  474    5.9387
  475    5.8682
  476    5.7967
  477    5.7378
  478    5.6806
  479    5.6250
  480    5.5708
  481    5.5171
  482    5.4639
  483    5.4112
  484    5.3589
  485    5.3072
  486    5.2553
  487    5.2030
  488    5.1502
  489    5.0967
  490    5.0425
  491    4.9875
  492    4.9311
  493    4.8730
  494    4.8133
  495    4.7509
  496    4.6856
  497    4.6176
  498    4.5460
  499    4.4709
  500    4.3925
  501    4.3104
  502    4.2248
  503    4.1357
  504    4.0429
  505    3.9468
  506    3.8472
  507    3.7440
  508    3.6378
  509    3.5291
  510    3.4190
  511    3.3080
  512    3.1958
  513    3.0832
  514    2.9704
  515    2.8577
  516    2.7455
  517    2.6344
  518    2.5248
  519    2.4170
  520    2.3112
  521    2.2069
  522    2.1041
  523    2.0036
  524    1.9069
  525    1.8152
  526    1.7292
  527    1.6492
  528    1.5754
  529    1.5072
  530    1.4444
  531    1.3866
  532    1.3335
  533    1.2848
  534    1.2401
  535    1.1990
  536    1.1612
  537    1.1259
  538    1.0926
  539    1.0611
  540    1.0312
  541    1.0027
  542    0.9755
  543    0.9493
  544    0.9239
  545    0.8993
  546    0.8755
  547    0.8522
  548    0.8295
  549    0.8073
  550    0.7856
  551    0.7644
  552    0.7438
  553    0.7238
  554    0.7046
  555    0.6864
  556    0.6692
  557    0.6533
  558    0.6390
  559    0.6265
  560    0.6164
  561    0.6090
  562    0.6049
  563    0.6047
  564    0.6113
  565    0.6218
  566    0.6369
  567    0.6568
  568    0.6813
  569    0.7101
  570    0.7425
  571    0.7777
  572    0.8148
  573    0.8530
  574    0.8913
  575    0.9291
  576    0.9659
  577    1.0012
  578    1.0347
  579    1.0661
  580    1.0953
  581    1.1221
  582    1.1465
  583    1.1685
  584    1.1881
  585    1.2057
  586    1.2212
  587    1.2352
  588    1.2479
  589    1.2597
  590    1.2676
  591    1.2833
  592    1.2919
  593    1.3084
  594    1.3225
  595    1.3356
  596    1.3455
  597    1.3551
  598    1.3651
  599    1.3754
  600    1.3860
  601    1.3969
  602    1.4083
  603    1.4200
  604    1.4320
  605    1.4445
  606    1.4573
  607    1.4706
  608    1.4805
  609    1.4870
  610    1.4901
  611    1.4896
  612    1.4855
  613    1.4779
  614    1.4671
  615    1.4532
  616    1.4367
  617    1.4179
  618    1.3972
  619    1.3748
  620    1.3512
  621    1.3266
  622    1.3014
  623    1.2759
  624    1.2504
  625    1.2251
  626    1.2002
  627    1.1757
  628    1.1519
  629    1.1288
  630    1.1066
  631    1.0854
  632    1.0650
  633    1.0457
  634    1.0273
  635    1.0099
  636    0.9934
  637    0.9778
  638    0.9629
  639    0.9488
  640    0.9353
  641    0.9224
  642    0.9101
  643    0.8984
  644    0.8873
  645    0.8768
  646    0.8670
  647    0.8579
  648    0.8497
  649    0.8425
  650    0.8364
  651    0.8317
  652    0.8285
  653    0.8269
  654    0.8273
  655    0.8296
  656    0.8340
  657    0.8406
  658    0.8494
  659    0.8604
  660    0.8735
  661    0.8887
  662    0.9057
  663    0.9245
  664    0.9446
  665    0.9658
  666    0.9878
  667    1.0100
  668    1.0322
  669    1.0540
  670    1.0750
  671    1.0951
  672    1.1142
  673    1.1320
  674    1.1487
  675    1.1643
  676    1.1979
  677    1.2058
  678    1.2100
  679    1.2157
  680    1.2223
  681    1.2291
  682    1.2353
  683    1.2408
  684    1.2456
  685    1.2499
  686    1.2534
  687    1.2562
  688    1.2585
  689    1.2595
  690    1.2595
  691    1.2587
  692    1.2557
  693    1.2513
  694    1.2454
  695    1.2376
  696    1.2283
  697    1.2175
  698    1.2052
  699    1.1927
  700    1.1742
  701    1.1597
  702    1.1456
  703    1.1305
  704    1.1153
  705    1.1002
  706    1.0852
  707    1.0708
  708    1.0571
  709    1.0441
  710    1.0317
  711    1.0196
  712    1.0081
  713    0.9971
  714    0.9867
  715    0.9767
  716    0.9681
  717    0.9620
  718    0.9565
  719    0.9552
  720    0.9519
    1    0.9467
    2    0.9397
    3    0.9314
    4    0.9300
    5    0.9397
    6    0.9202
    7    0.9264
    8    0.9140
    9    0.9089
   10    0.9118
   11    0.9107
   12    0.9289
   13    0.9063
   14    0.9019
   15    0.9016
   16    0.9150
   17    0.8998
   18    0.8906
   19    0.8860
   20    0.8789
   21    0.8863
   22    0.8732
   23    0.8613
   24    0.8501
   25    0.8388
   26    0.8367
   27    0.8342
   28    0.8224
   29    0.8032
   30    0.8014
   31    0.7934
   32    0.7752
   33    0.7731
   34    0.7651
   35    0.7597
   36    0.7593
   37    0.7615
   38    0.7509
   39    0.7452
   40    0.7439
   41    0.7454
   42    0.7497
   43    0.7562
   44    0.7645
   45    0.7743
   46    0.7852
   47    0.7968
   48    0.8086
   49    0.8202
   50    0.8315
   51    0.8425
   52    0.8531
   53    0.8633
   54    0.8732
   55    0.8824
   56    0.8910
   57    0.8989
   58    0.9061
   59    0.9127
   60    0.9187
   61    0.9241
   62    0.9290
   63    0.9335
   64    0.9376
   65    0.9414
   66    0.9447
   67    0.9477
   68    0.9506
   69    0.9534
   70    0.9562
   71    0.9594
   72    0.9629
   73    0.9672
   74    0.9724
   75    0.9786
   76    0.9857
   77    0.9935
   78    1.0020
   79    1.0108
   80    1.0199
   81    1.0292
   82    1.0386
   83    1.0480
   84    1.0575
   85    1.0670
   86    1.0765
   87    1.0860
   88    1.0955
   89    1.1049
   90    1.1142
   91    1.1235
   92    1.1327
   93    1.1418
   94    1.1507
   95    1.1593
   96    1.1674
   97    1.1751
   98    1.1822
   99    1.1885
  100    1.1940
  101    1.1985
  102    1.2021
  103    1.2045
  104    1.2059
  105    1.2061
  106    1.2052
  107    1.2033
  108    1.2004
  109    1.1967
  110    1.1919
  111    1.1868
  112    1.1814
  113    1.1755
  114    1.1663
  115    1.1584
  116    1.1508
  117    1.1435
  118    1.1364
  119    1.1296
  120    1.1230
  121    1.1167
  122    1.1138
  123    1.1080
  124    1.1049
  125    1.1018
  126    1.0989
  127    1.0978
  128    1.0948
  129    1.0930
  130    1.0906
  131    1.0882
  132    1.0832
  133    1.0812
  134    1.0772
  135    1.0732
  136    1.0694
  137    1.0656
  138    1.0617
  139    1.0579
  140    1.0540
  141    1.0514
  142    1.0491
  143    1.0463
  144    1.0423
  145    1.0358
  146    1.0311
  147    1.0254
  148    1.0196
  149    1.0138
  150    1.0079
  151    1.0020
  152    0.9960
  153    0.9901
  154    0.9842
  155    0.9782
  156    0.9724
  157    0.9666
  158    0.9609
  159    0.9553
  160    0.9498
  161    0.9444
  162    0.9393
  163    0.9343
  164    0.9296
  165    0.9250
  166    0.9205
  167    0.9163
  168    0.9123
  169    0.9086
  170    0.9052
  171    0.9021
  172    0.8995
  173    0.8973
  174    0.8955
  175    0.8943
  176    0.8936
  177    0.8935
  178    0.8936
  179    0.8943
  180    0.8953
  181    0.8966
  182    0.8981
  183    0.8996
  184    0.9011
  185    0.9027
  186    0.9044
  187    0.9060
  188    0.9078
  189    0.9098
  190    0.9119
  191    0.9143
  192    0.9168
  193    0.9196
  194    0.9224
  195    0.9253
  196    0.9282
  197    0.9311
  198    0.9341
  199    0.9371
  200    0.9401
  201    0.9432
  202    0.9463
  203    0.9495
  204    0.9528
  205    0.9563
  206    0.9598
  207    0.9636
  208    0.9675
  209    0.9716
  210    0.9758
  211    0.9802
  212    0.9848
  213    0.9896
  214    0.9946
  215    0.9998
  216    1.0052
  217    1.0108
  218    1.0166
  219    1.0226
  220    1.0288
  221    1.0353
  222    1.0420
  223    1.0489
  224    1.0560
  225    1.0634
  226    1.0710
  227    1.0789
  228    1.0870
  229    1.0954
  230    1.1039
  231    1.1127
  232    1.1218
  233    1.1312
  234    1.1409
  235    1.1508
  236    1.1611
  237    1.1718
  238    1.1827
  239    1.1940
  240    1.2056
  241    1.2177
  242    1.2300
  243    1.2428
  244    1.2560
  245    1.2696
  246    1.2836
  247    1.2981
  248    1.3130
  249    1.3284
  250    1.3443
  251    1.3607
  252    1.3776
  253    1.3951
  254    1.4131
  255    1.4317
  256    1.4509
  257    1.4707
  258    1.4912
  259    1.5124
  260    1.5342
  261    1.5568
  262    1.5801
  263    1.6042
  264    1.6291
  265    1.6548
  266    1.6814
  267    1.7089
  268    1.7374
  269    1.7668
  270    1.7972
  271    1.8287
  272    1.8613
  273    1.8951
  274    1.9300
  275    1.9662
  276    2.0037
  277    2.0425
  278    2.0827
  279    2.1244
  280    2.1676
  281    2.2124
  282    2.2589
  283    2.3071
  284    2.3570
  285    2.4089
  286    2.4628
  287    2.5187
  288    2.5767
  289    2.6370
  290    2.6997
  291    2.7647
  292    2.8324
  293    2.9027
  294    2.9758
  295    3.0518
  296    3.1309
  297    3.2131
  298    3.2987
  299    3.3878
  300    3.4806
  301    3.5771
  302    3.6776
  303    3.7823
  304    3.8913
  305    4.0049
  306    4.1232
  307    4.2465
  308    4.3749
  309    4.5087
  310    4.6481
  311    4.7934
  312    4.9448
  313    5.1025
  314    5.2667
  315    5.4379
  316    5.6160
  317    5.8016
  318    5.9946
  319    6.1956
  320    6.4045
  321    6.6218
  322    6.8475
  323    7.0819
  324    7.3251
  325    7.5773
  326    7.8386
  327    8.1090
  328    8.3885
  329    8.6771
  330    8.9746
  331    9.2809
  332    9.5957
  333    9.9185
  334    10.2490
  335    10.7898
  336    11.4304
  337    12.1817
  338    13.0484
  339    14.0313
  340    15.1298
  341    16.3425
  342    17.6669
  343    19.0994
  344    20.6356
  345    22.2696
  346    23.9945
  347    25.8020
  348    27.6826
  349    29.6254
  350    31.6182
  351    33.6478
  352    35.6998
  353    37.7589
  354    39.8094
  355    41.8349
  356    43.8191
  357    45.7455
  358    47.5982
  359    49.3622
  360    51.0232
