  360    1836.69
  361    1897.91
  362    1958.11
  363    2017.09
  364    2074.67
  365    2130.68
  366    2184.96
  367    2237.36
  368    2287.73
  369    2335.92
  370    2381.81
  371    2425.27
  372    2466.19
  373    2504.45
  374    2539.95
  375    2572.59
  376    2602.29
  377    2628.95
  378    2652.50
  379    2672.86
  380    2689.97
  381    2703.78
  382    2714.23
  383    2721.28
  384    2724.91
  385    2725.16
  386    2716.36
  387    2700.92
  388    2685.35
  389    2690.34
  390    2673.16
  391    2656.14
  392    2639.28
  393    2622.59
  394    2606.07
  395    2589.73
  396    2573.57
  397    2557.59
  398    2541.80
  399    2526.19
  400    2510.77
  401    2495.55
  402    2480.51
  403    2465.66
  404    2451.01
  405    2436.54
  406    2422.27
  407    2408.19
  408    2394.30
  409    2380.59
  410    2367.08
  411    2353.75
  412    2340.61
  413    2327.66
  414    2314.89
  415    2302.30
  416    2289.90
  417    2277.67
  418    2265.62
  419    2253.75
  420    2242.06
  421    2230.54
  422    2219.19
  423    2208.02
  424    2197.01
  425    2186.17
  426    2175.49
  427    2164.98
  428    2154.63
  429    2144.44
  430    2134.41
  431    2124.53
  432    2114.81
  433    2105.24
  434    2095.82
  435    2086.55
  436    2077.43
  437    2068.45
  438    2059.62
  439    2050.92
  440    2042.37
  441    2033.95
  442    2025.67
  443    2017.53
  444    2009.51
  445    2001.63
  446    1993.87
  447    1986.24
  448    1978.74
  449    1971.35
  450    1964.09
  451    1956.95
  452    1949.92
  453    1943.01
  454    1936.22
  455    1929.53
  456    1922.96
  457    1916.49
  458    1910.14
  459    1903.88
  460    1897.73
  461    1891.69
  462    1885.74
  463    1879.89
  464    1874.14
  465    1868.49
  466    1862.93
  467    1857.46
  468    1852.08
  469    1846.80
  470    1841.60
  471    1836.49
  472    1831.46
  473    1826.52
  474    1821.66
  475    1816.88
  476    1811.23
  477    1806.33
  478    1801.50
  479    1796.75
  480    1792.06
  481    1787.36
  482    1782.67
  483    1777.99
  484    1773.31
  485    1768.63
  486    1763.92
  487    1759.14
  488    1754.31
  489    1749.39
  490    1744.39
  491    1739.31
  492    1734.09
  493    1728.71
  494    1723.17
  495    1717.38
  496    1711.34
  497    1705.03
  498    1698.39
  499    1691.42
  500    1684.10
  501    1676.40
  502    1668.31
  503    1659.82
  504    1650.89
  505    1641.54
  506    1631.71
  507    1621.38
  508    1610.56
  509    1599.28
  510    1587.61
  511    1575.56
  512    1563.11
  513    1550.27
  514    1537.07
  515    1523.49
  516    1509.58
  517    1495.36
  518    1480.87
  519    1466.15
  520    1451.19
  521    1435.90
  522    1420.29
  523    1404.45
  524    1388.59
  525    1372.92
  526    1357.60
  527    1342.78
  528    1328.53
  529    1314.84
  530    1301.74
  531    1289.23
  532    1277.32
  533    1266.00
  534    1255.25
  535    1245.04
  536    1235.35
  537    1226.04
  538    1217.01
  539    1208.23
  540    1199.67
  541    1191.32
  542    1183.13
  543    1175.07
  544    1167.10
  545    1159.19
  546    1151.34
  547    1143.53
  548    1135.74
  549    1127.95
  550    1120.18
  551    1112.42
  552    1104.71
  553    1097.08
  554    1089.57
  555    1082.25
  556    1075.18
  557    1068.46
  558    1062.23
  559    1056.63
  560    1051.83
  561    1048.05
  562    1045.54
  563    1044.55
  564    1046.23
  565    1049.34
  566    1054.11
  567    1060.51
  568    1068.37
  569    1077.40
  570    1087.28
  571    1097.64
  572    1108.15
  573    1118.50
  574    1128.49
  575    1137.93
  576    1146.74
  577    1154.85
  578    1162.22
  579    1168.84
  580    1174.73
  581    1179.90
  582    1184.39
  583    1188.23
  584    1191.47
  585    1194.16
  586    1196.38
  587    1198.21
  588    1199.73
  589    1201.03
  590    1201.51
  591    1203.56
  592    1204.12
  593    1206.27
  594    1207.90
  595    1209.28
  596    1210.00
  597    1210.65
  598    1211.34
  599    1212.07
  600    1212.84
  601    1213.66
  602    1214.52
  603    1215.43
  604    1216.38
  605    1217.37
  606    1218.41
  607    1219.50
  608    1219.94
  609    1219.77
  610    1218.96
  611    1217.50
  612    1215.39
  613    1212.63
  614    1209.28
  615    1205.37
  616    1200.95
  617    1196.07
  618    1190.79
  619    1185.15
  620    1179.21
  621    1173.02
  622    1166.64
  623    1160.13
  624    1153.53
  625    1146.88
  626    1140.22
  627    1133.58
  628    1126.99
  629    1120.48
  630    1114.07
  631    1107.80
  632    1101.68
  633    1095.70
  634    1089.90
  635    1084.25
  636    1078.77
  637    1073.44
  638    1068.25
  639    1063.20
  640    1058.27
  641    1053.46
  642    1048.75
  643    1044.16
  644    1039.68
  645    1035.33
  646    1031.14
  647    1027.12
  648    1023.30
  649    1019.73
  650    1016.46
  651    1013.53
  652    1011.01
  653    1008.94
  654    1007.37
  655    1006.33
  656    1005.85
  657    1005.95
  658    1006.60
  659    1007.80
  660    1009.50
  661    1011.65
  662    1014.20
  663    1017.08
  664    1020.18
  665    1023.43
  666    1026.72
  667    1029.96
  668    1033.05
  669    1035.94
  670    1038.55
  671    1040.86
  672    1042.84
  673    1044.49
  674    1045.83
  675    1046.86
  676    476.01
  677    985.52
  678    985.30
  679    982.74
  680    980.31
  681    977.87
  682    975.23
  683    972.40
  684    969.35
  685    966.13
  686    962.70
  687    959.06
  688    955.23
  689    951.07
  690    946.64
  691    941.96
  692    936.74
  693    931.12
  694    925.09
  695    918.52
  696    911.56
  697    904.14
  698    896.29
  699    888.26
  700    878.92
  701    870.38
  702    861.98
  703    853.45
  704    845.05
  705    836.86
  706    828.94
  707    821.42
  708    814.28
  709    807.57
  710    801.19
  711    795.10
  712    789.34
  713    783.84
  714    778.62
  715    773.63
  716    769.14
  717    765.43
  718    762.05
  719    759.89
  720    757.40
    1    754.56
    2    751.38
    3    748.04
    4    746.56
    5    747.92
    6    742.31
    7    743.29
    8    739.68
    9    737.92
   10    737.90
   11    736.64
   12    739.57
   13    733.54
   14    731.68
   15    730.56
   16    732.13
   17    727.83
   18    724.81
   19    722.60
   20    719.61
   21    718.90
   22    714.43
   23    710.02
   24    705.52
   25    700.74
   26    696.77
   27    692.76
   28    687.89
   29    682.02
   30    678.70
   31    674.81
   32    669.30
   33    666.32
   34    662.36
   35    658.98
   36    656.48
   37    648.05
   38    635.05
   39    620.79
   40    605.76
   41    590.80
   42    576.08
   43    561.91
   44    548.44
   45    535.79
   46    523.97
   47    513.05
   48    503.01
   49    493.81
   50    485.38
   51    477.64
   52    470.50
   53    463.91
   54    457.82
   55    452.17
   56    446.94
   57    442.08
   58    437.54
   59    433.30
   60    429.33
   61    425.59
   62    422.08
   63    418.76
   64    415.62
   65    412.65
   66    409.83
   67    407.15
   68    404.60
   69    402.18
   70    399.87
   71    397.66
   72    395.57
   73    393.57
   74    391.68
   75    389.89
   76    388.20
   77    386.60
   78    385.09
   79    383.66
   80    382.30
   81    381.01
   82    379.78
   83    378.62
   84    377.51
   85    376.45
   86    375.45
   87    374.49
   88    373.57
   89    372.70
   90    371.86
   91    371.07
   92    370.30
   93    369.57
   94    368.87
   95    368.19
   96    367.53
   97    366.89
   98    366.26
   99    365.63
  100    365.01
  101    364.39
  102    363.76
  103    363.13
  104    362.49
  105    361.84
  106    361.17
  107    360.50
  108    359.82
  109    359.12
  110    358.42
  111    357.72
  112    357.02
  113    356.33
  114    355.54
  115    354.80
  116    354.09
  117    353.40
  118    352.73
  119    352.09
  120    351.47
  121    350.87
  122    350.41
  123    349.85
  124    349.42
  125    348.99
  126    348.58
  127    348.27
  128    347.88
  129    347.55
  130    347.20
  131    346.87
  132    346.42
  133    346.13
  134    345.75
  135    345.38
  136    345.02
  137    344.67
  138    344.33
  139    343.99
  140    343.66
  141    343.40
  142    343.15
  143    342.89
  144    342.58
  145    342.10
  146    341.76
  147    341.34
  148    340.91
  149    340.47
  150    340.03
  151    339.58
  152    339.12
  153    338.67
  154    338.21
  155    337.75
  156    337.29
  157    336.84
  158    336.40
  159    335.95
  160    335.52
  161    335.10
  162    334.70
  163    334.31
  164    333.94
  165    333.59
  166    333.24
  167    332.92
  168    332.62
  169    332.33
  170    332.08
  171    331.86
  172    331.68
  173    331.55
  174    331.46
  175    331.41
  176    331.42
  177    331.48
  178    331.56
  179    331.69
  180    331.84
  181    332.01
  182    332.19
  183    332.38
  184    332.58
  185    332.78
  186    332.99
  187    333.21
  188    333.43
  189    333.67
  190    333.93
  191    334.20
  192    334.48
  193    334.78
  194    335.09
  195    335.41
  196    335.73
  197    336.06
  198    336.39
  199    336.73
  200    337.07
  201    337.42
  202    337.77
  203    338.12
  204    338.49
  205    338.87
  206    339.26
  207    339.67
  208    340.08
  209    340.51
  210    340.95
  211    341.41
  212    341.88
  213    342.37
  214    342.87
  215    343.39
  216    343.92
  217    344.47
  218    345.04
  219    345.62
  220    346.21
  221    346.82
  222    347.45
  223    348.09
  224    348.75
  225    349.43
  226    350.12
  227    350.83
  228    351.55
  229    352.29
  230    353.02
  231    353.75
  232    354.51
  233    355.28
  234    356.08
  235    356.89
  236    357.72
  237    358.57
  238    359.44
  239    360.33
  240    361.24
  241    362.17
  242    363.12
  243    364.09
  244    365.08
  245    366.10
  246    367.14
  247    368.20
  248    369.28
  249    370.39
  250    371.52
  251    372.68
  252    373.86
  253    375.07
  254    376.30
  255    377.56
  256    378.84
  257    380.15
  258    381.49
  259    382.86
  260    384.26
  261    385.68
  262    387.14
  263    388.62
  264    390.14
  265    391.69
  266    393.26
  267    394.88
  268    396.52
  269    398.20
  270    399.91
  271    401.66
  272    403.44
  273    405.26
  274    407.11
  275    409.01
  276    410.94
  277    412.91
  278    414.92
  279    416.97
  280    419.06
  281    421.19
  282    423.36
  283    425.58
  284    427.84
  285    430.15
  286    432.50
  287    434.90
  288    437.34
  289    439.84
  290    442.38
  291    444.97
  292    447.61
  293    450.30
  294    453.04
  295    455.83
  296    458.68
  297    461.58
  298    464.54
  299    467.55
  300    470.61
  301    473.73
  302    476.91
  303    480.14
  304    483.44
  305    486.79
  306    490.20
  307    493.66
  308    497.19
  309    500.78
  310    504.42
  311    508.12
  312    511.88
  313    515.70
  314    519.57
  315    523.51
  316    527.49
  317    531.53
  318    535.63
  319    539.77
  320    543.97
  321    548.21
  322    552.49
  323    556.82
  324    561.18
  325    565.58
  326    570.01
  327    574.46
  328    578.93
  329    583.41
  330    587.91
  331    592.40
  332    596.88
  333    601.35
  334    624.44
  335    633.95
  336    643.75
  337    653.81
  338    671.13
  339    698.88
  340    730.62
  341    766.12
  342    805.12
  343    847.37
  344    892.66
  345    940.72
  346    991.34
  347    1044.28
  348    1099.31
  349    1156.19
  350    1214.69
  351    1274.57
  352    1335.60
  353    1397.56
  354    1460.19
  355    1523.29
  356    1586.61
  357    1649.94
  358    1713.05
  359    1775.74
  360    1837.78
