  360    0.0000    0.0000
  361    0.0000    0.0000
  362    0.0000    0.0000
  363    0.0000    0.0000
  364    0.0000    0.0000
  365    0.0000    0.0000
  366    0.0000    0.0000
  367    0.0000    0.0000
  368    0.0000    0.0000
  369    0.0000    0.0000
  370    0.0000    0.0000
  371    0.0000    0.0000
  372    0.0000    0.0000
  373    0.0000    0.0000
  374    0.0000    0.0000
  375    0.0000    0.0000
  376    0.0000    0.0000
  377    0.0000    0.0000
  378    0.0000    0.0000
  379    0.0000    0.0000
  380    0.0000    0.0000
  381    0.0000    0.0000
  382    0.0000    0.0000
  383    0.0000    0.0000
  384    0.0000    0.0000
  385    0.0000    0.0000
  386    0.0000    0.0000
  387    0.0000    0.0000
  388    0.0000    0.0000
  389    0.0000    0.0000
  390    0.0000    0.0000
  391    0.0000    0.0000
  392    0.0000    0.0000
  393    0.0000    0.0000
  394    0.0000    0.0000
  395    0.0000    0.0000
  396    0.0000    0.0000
  397    0.0000    0.0000
  398    0.0000    0.0000
  399    0.0000    0.0000
  400    0.0000    0.0000
  401    0.0000    0.0000
  402    0.0000    0.0000
  403    0.0000    0.0000
  404    0.0000    0.0000
  405    0.0000    0.0000
  406    0.0000    0.0000
  407    0.0000    0.0000
  408    0.0000    0.0000
  409    0.0000    0.0000
  410    0.0000    0.0000
  411    0.0000    0.0000
  412    0.0000    0.0000
  413    0.0000    0.0000
  414    0.0000    0.0000
  415    0.0000    0.0000
  416    0.0000    0.0000
  417    0.0000    0.0000
  418    0.0000    0.0000
  419    0.0000    0.0000
  420    0.0000    0.0000
  421    0.0000    0.0000
  422    0.0000    0.0000
  423    0.0000    0.0000
  424    0.0000    0.0000
  425    0.0000    0.0000
  426    0.0000    0.0000
  427    0.0000    0.0000
  428    0.0000    0.0000
  429    0.0000    0.0000
  430    0.0000    0.0000
  431    0.0000    0.0000
  432    0.0000    0.0000
  433    0.0000    0.0000
  434    0.0000    0.0000
  435    0.0000    0.0000
  436    0.0000    0.0000
  437    0.0000    0.0000
  438    0.0000    0.0000
  439    0.0000    0.0000
  440    0.0000    0.0000
  441    0.0000    0.0000
  442    0.0000    0.0000
  443    0.0000    0.0000
  444    0.0000    0.0000
  445    0.0000    0.0000
  446    0.0000    0.0000
  447    0.0000    0.0000
  448    0.0000    0.0000
  449    0.0000    0.0000
  450    0.0000    0.0000
  451    0.0000    0.0000
  452    0.0000    0.0000
  453    0.0000    0.0000
  454    0.0000    0.0000
  455    0.0000    0.0000
  456    0.0000    0.0000
  457    0.0000    0.0000
  458    0.0000    0.0000
  459    0.0000    0.0000
  460    0.0000    0.0000
  461    0.0000    0.0000
  462    0.0000    0.0000
  463    0.0000    0.0000
  464    0.0000    0.0000
  465    0.0000    0.0000
  466    0.0000    0.0000
  467    0.0000    0.0000
  468    0.0000    0.0000
  469    0.0000    0.0000
  470    0.0000    0.0000
  471    0.0000    0.0000
  472    0.0000    0.0000
  473    0.0000    0.0000
  474    0.0000    0.0000
  475    0.0000    0.0000
  476    0.0000    0.0000
  477    0.0000    0.0000
  478    0.0000    0.0000
  479    -0.0000    0.0061
  480    -0.0000    0.0377
  481    -0.0000    0.0689
  482    -0.0000    0.0997
  483    -0.0000    0.1299
  484    -0.0000    0.1598
  485    -0.0000    0.2067
  486    -0.0000    0.2661
  487    -0.0000    0.3246
  488    -0.0000    0.3921
  489    -0.0000    0.4618
  490    -0.0000    0.5306
  491    -0.0000    0.6232
  492    -0.0000    0.7268
  493    -0.0000    0.8290
  494    -0.0000    0.9720
  495    -0.0000    1.1201
  496    -0.0000    1.2682
  497    -0.0000    1.4513
  498    -0.0000    1.6319
  499    -0.0000    1.8170
  500    -0.0000    2.0213
  501    -0.0000    2.2224
  502    -0.0000    2.4325
  503    -0.0000    2.6553
  504    -0.0000    2.8740
  505    -0.0000    3.1118
  506    -0.0000    3.3591
  507    -0.0000    3.6008
  508    -0.0000    3.8262
  509    -0.0000    4.0216
  510    -0.0000    4.2062
  511    -0.0000    4.4027
  512    -0.0000    4.5871
  513    -0.0000    4.7622
  514    -0.0000    4.9364
  515    -0.0000    5.0979
  516    -0.0000    5.2412
  517    -0.0000    5.3635
  518    -0.0000    5.4751
  519    -0.0000    5.5833
  520    -0.0000    5.7290
  521    -0.0000    5.8694
  522    -0.0000    5.9961
  523    -0.0000    6.1089
  524    -0.0000    6.2116
  525    -0.0000    6.3081
  526    -0.0000    6.3964
  527    -0.0000    6.4745
  528    -0.0000    6.5380
  529    -0.0000    6.5913
  530    -0.0000    6.5595
  531    -0.0000    6.4599
  532    -0.0000    6.3206
  533    -0.0000    6.1612
  534    -0.0000    5.9997
  535    -0.0000    5.8686
  536    -0.0000    5.8055
  537    -0.0000    5.7327
  538    -0.0000    5.6499
  539    -0.0000    5.5536
  540    -0.0000    5.4461
  541    -0.0000    5.3312
  542    -0.0000    5.2081
  543    -0.0000    5.0769
  544    -0.0000    4.9398
  545    -0.0000    4.7892
  546    -0.0000    4.6346
  547    -0.0000    4.4781
  548    -0.0000    4.3251
  549    -0.0000    4.1707
  550    -0.0000    4.0144
  551    -0.0000    3.8541
  552    -0.0000    3.6935
  553    -0.0000    3.5328
  554    -0.0000    3.3748
  555    -0.0000    3.2197
  556    -0.0000    3.0635
  557    -0.0000    2.9068
  558    -0.0000    2.7513
  559    -0.0000    2.5973
  560    -0.0000    2.4448
  561    -0.0000    2.2940
  562    -0.0000    2.1439
  563    -0.0000    1.9965
  564    -0.0000    1.8528
  565    -0.0000    1.7136
  566    -0.0000    1.5797
  567    -0.0000    1.4515
  568    -0.0000    1.3295
  569    -0.0000    1.2156
  570    -0.0000    1.1111
  571    -0.0000    1.0193
  572    -0.0000    0.9384
  573    -0.0000    0.8683
  574    -0.0000    0.8103
  575    -0.0000    0.7659
  576    -0.0000    0.7354
  577    -0.0000    0.7192
  578    -0.0000    0.7172
  579    -0.0000    0.7290
  580    -0.0000    0.7542
  581    -0.0000    0.7922
  582    -0.0000    0.8413
  583    -0.0000    0.9011
  584    -0.0000    0.9708
  585    -0.0000    1.0479
  586    -0.0000    1.1316
  587    -0.0000    1.2203
  588    -0.0000    1.3124
  589    -0.0000    1.4068
  590    -0.0000    1.5022
  591    -0.0000    1.5973
  592    -0.0000    1.6911
  593    -0.0000    1.7817
  594    -0.0000    1.8687
  595    -0.0000    1.9518
  596    -0.0000    2.0291
  597    -0.0000    2.1012
  598    -0.0000    2.1683
  599    -0.0000    2.2291
  600    -0.0000    2.2844
  601    -0.0000    2.3338
  602    -0.0000    2.3758
  603    -0.0000    2.4124
  604    -0.0000    2.4435
  605    -0.0000    2.4689
  606    -0.0000    2.4892
  607    -0.0000    2.5041
  608    -0.0000    2.5131
  609    -0.0000    2.5177
  610    -0.0000    2.5172
  611    -0.0000    2.5119
  612    -0.0000    2.5030
  613    -0.0000    2.4901
  614    -0.0000    2.4737
  615    -0.0000    2.4546
  616    -0.0000    2.4309
  617    -0.0000    2.4046
  618    -0.0000    2.3761
  619    -0.0000    2.3446
  620    -0.0000    2.3112
  621    -0.0000    2.2756
  622    -0.0000    2.2369
  623    -0.0000    2.1968
  624    -0.0000    2.1548
  625    -0.0000    2.1110
  626    -0.0000    2.0657
  627    -0.0000    2.0178
  628    -0.0000    1.9678
  629    -0.0000    1.9163
  630    -0.0000    1.8623
  631    -0.0000    1.8062
  632    -0.0000    1.7477
  633    -0.0000    1.6849
  634    -0.0000    1.6182
  635    -0.0000    1.5472
  636    -0.0000    1.4700
  637    -0.0000    1.3870
  638    -0.0000    1.2967
  639    -0.0000    1.1978
  640    -0.0000    1.0893
  641    -0.0000    0.9694
  642    -0.0000    0.8370
  643    -0.0000    0.6927
  644    -0.0000    0.5353
  645    -0.0000    0.3679
  646    -0.0000    0.1927
  647    -0.0000    0.0041
  648    -0.0000    -0.3002
  649    -0.0000    -0.3607
  650    -0.0000    -0.4299
  651    -0.0000    -0.4894
  652    -0.0000    -0.5284
  653    -0.0000    -0.5405
  654    -0.0000    -0.5251
  655    -0.0000    -0.4839
  656    -0.0000    -0.4182
  657    -0.0000    -0.3335
  658    -0.0000    -0.2342
  659    -0.0000    -0.0088
  660    -0.0000    0.0854
  661    -0.0000    0.1167
  662    -0.0000    0.2163
  663    -0.0000    0.3187
  664    -0.0000    0.4184
  665    -0.0000    0.5120
  666    -0.0000    0.5980
  667    -0.0000    0.6754
  668    -0.0000    0.7439
  669    -0.0000    0.8036
  670    -0.0000    0.8540
  671    -0.0000    0.8959
  672    -0.0000    0.9295
  673    -0.0000    0.9546
  674    -0.0000    0.9727
  675    -0.0000    0.9842
  676    -0.0000    0.9900
  677    -0.0000    0.9905
  678    -0.0000    0.9862
  679    -0.0000    0.9778
  680    -0.0000    0.9659
  681    -0.0000    0.9561
  682    -0.0000    0.9607
  683    -0.0000    0.9598
  684    -0.0000    0.9542
  685    -0.0000    0.9444
  686    -0.0000    0.9306
  687    -0.0000    0.9132
  688    -0.0000    0.8933
  689    -0.0000    0.8713
  690    -0.0000    0.8471
  691    -0.0000    0.8216
  692    -0.0000    0.7951
  693    -0.0000    0.7679
  694    -0.0000    0.7401
  695    -0.0000    0.7117
  696    -0.0000    0.6830
  697    -0.0000    0.6545
  698    -0.0000    0.6261
  699    -0.0000    0.5976
  700    -0.0000    0.5688
  701    -0.0000    1.0280
  702    -0.0000    0.6162
  703    -0.0000    0.5490
  704    -0.0014    0.4920
  705    -0.0081    0.4414
  706    -0.0149    0.3946
  707    -0.0232    0.3511
  708    -0.0337    0.3070
  709    -0.0443    0.2638
  710    -0.0572    0.2220
  711    -0.0715    0.1799
  712    -0.0859    0.1377
  713    -0.1073    0.0944
  714    -0.1300    0.0461
  715    -0.1525    -0.0359
  716    -0.1880    -0.0698
  717    -0.2267    -0.1046
  718    -0.2640    -0.1347
  719    -0.3132    -0.1578
  720    -0.3594    -0.1733
    1    -0.4036    -0.1857
    2    -0.4527    -0.1924
    3    -0.4937    -0.1922
    4    -0.5308    -0.1969
    5    -0.5635    -0.1970
    6    -0.5814    -0.1939
    7    -0.5870    -0.1919
    8    -0.5774    -0.1869
    9    -0.5499    -0.1801
   10    -0.5036    -0.1733
   11    -0.4346    -0.1653
   12    -0.3481    -0.1565
   13    -0.2537    -0.1467
   14    -0.1627    -0.1365
   15    -0.0839    -0.1261
   16    -0.0179    -0.1155
   17    -0.0000    -0.1047
   18    0.0851    -0.0973
   19    0.1223    -0.0900
   20    0.1483    -0.0826
   21    0.1798    -0.0751
   22    0.2082    -0.0676
   23    0.2378    -0.0602
   24    0.2674    -0.0533
   25    0.2973    -0.0464
   26    0.3277    -0.0393
   27    0.3585    -0.0318
   28    0.3899    -0.0244
   29    0.4219    -0.0185
   30    0.4543    -0.0148
   31    0.4862    -0.0112
   32    0.5183    -0.0076
   33    0.5505    -0.0041
   34    0.5841    -0.0006
   35    0.6181    -0.0000
   36    0.6520    -0.0000
   37    0.6795    -0.0000
   38    0.7460    -0.0000
   39    0.8110    -0.0000
   40    0.8711    -0.0000
   41    0.9287    -0.0000
   42    0.9837    -0.0000
   43    1.0366    -0.0000
   44    1.0876    -0.0000
   45    1.1372    -0.0000
   46    1.1859    -0.0000
   47    1.2366    -0.0000
   48    1.3038    -0.0000
   49    1.3695    -0.0000
   50    1.4347    -0.0000
   51    1.4987    -0.0000
   52    1.5619    -0.0000
   53    1.6245    -0.0000
   54    1.6857    -0.0000
   55    1.7463    -0.0000
   56    1.8058    -0.0000
   57    1.8640    -0.0000
   58    1.9194    -0.0000
   59    1.9734    -0.0000
   60    2.0258    -0.0000
   61    2.0755    -0.0000
   62    2.1251    -0.0000
   63    2.1728    -0.0000
   64    2.2172    -0.0000
   65    2.2602    -0.0000
   66    2.3012    -0.0000
   67    2.3402    -0.0000
   68    2.3778    -0.0000
   69    2.4125    -0.0000
   70    2.4453    -0.0000
   71    2.4770    -0.0000
   72    2.5056    -0.0000
   73    2.5329    -0.0000
   74    2.5592    -0.0000
   75    2.5837    -0.0000
   76    2.6072    -0.0000
   77    2.6287    -0.0000
   78    2.6467    -0.0000
   79    2.6642    -0.0000
   80    2.6814    -0.0000
   81    2.6989    -0.0000
   82    2.7159    -0.0000
   83    2.7309    -0.0000
   84    2.7437    -0.0000
   85    2.7562    -0.0000
   86    2.7679    -0.0000
   87    2.7791    -0.0000
   88    2.7902    -0.0000
   89    2.8005    -0.0000
   90    2.8107    -0.0000
   91    2.8210    -0.0000
   92    2.8284    -0.0000
   93    2.8365    -0.0000
   94    2.8451    -0.0000
   95    2.8540    -0.0000
   96    2.8641    -0.0000
   97    2.8747    -0.0000
   98    2.8862    -0.0000
   99    2.8992    -0.0000
  100    2.9117    -0.0000
  101    2.9251    -0.0000
  102    2.9407    -0.0000
  103    2.9575    -0.0000
  104    2.9766    -0.0000
  105    2.9981    -0.0000
  106    3.0197    -0.0000
  107    3.0438    -0.0000
  108    3.0706    -0.0000
  109    3.0982    -0.0000
  110    3.1283    -0.0000
  111    3.1605    -0.0000
  112    3.1941    -0.0000
  113    3.2296    -0.0000
  114    3.2657    -0.0000
  115    3.3017    -0.0000
  116    3.3383    -0.0000
  117    3.3733    -0.0000
  118    3.4070    -0.0000
  119    3.4393    -0.0000
  120    3.4669    -0.0000
  121    3.4908    -0.0000
  122    3.5099    -0.0000
  123    3.5220    -0.0000
  124    3.5269    -0.0000
  125    3.5225    -0.0000
  126    3.5068    -0.0000
  127    3.4805    -0.0000
  128    3.4416    -0.0000
  129    3.3900    -0.0000
  130    3.3267    -0.0000
  131    3.2515    -0.0000
  132    3.1656    -0.0000
  133    3.0708    -0.0000
  134    2.9666    -0.0000
  135    2.8574    -0.0000
  136    2.7444    -0.0000
  137    2.6279    -0.0000
  138    2.5124    -0.0000
  139    2.4003    -0.0000
  140    2.2936    -0.0000
  141    2.1955    -0.0000
  142    2.1078    -0.0000
  143    2.0324    -0.0000
  144    1.9734    -0.0000
  145    1.9322    -0.0000
  146    1.9114    -0.0000
  147    1.9136    -0.0000
  148    1.9394    -0.0000
  149    1.9903    -0.0000
  150    2.0663    -0.0000
  151    2.1648    -0.0000
  152    2.2829    -0.0000
  153    2.4158    -0.0000
  154    2.5596    -0.0000
  155    2.7066    -0.0000
  156    2.8514    -0.0000
  157    2.9875    -0.0000
  158    3.1122    -0.0000
  159    3.2213    -0.0000
  160    3.3134    -0.0000
  161    3.3887    -0.0000
  162    3.4487    -0.0000
  163    3.4940    -0.0000
  164    3.5257    -0.0000
  165    3.5405    -0.0000
  166    3.5453    -0.0000
  167    3.5406    -0.0000
  168    3.5244    -0.0000
  169    3.5004    -0.0000
  170    3.4703    -0.0000
  171    3.4362    -0.0000
  172    3.3972    -0.0000
  173    3.3531    -0.0000
  174    3.3040    -0.0000
  175    3.2516    -0.0000
  176    3.1961    -0.0000
  177    3.1381    -0.0000
  178    3.0837    -0.0000
  179    3.0272    -0.0000
  180    3.0167    -0.0000
  181    3.0035    -0.0000
  182    2.9880    -0.0000
  183    2.9701    -0.0000
  184    2.9498    -0.0000
  185    2.9269    -0.0000
  186    2.9018    -0.0000
  187    2.8746    -0.0000
  188    2.8455    -0.0000
  189    2.8143    -0.0000
  190    2.7749    -0.0000
  191    2.7348    -0.0000
  192    2.6931    -0.0000
  193    2.6484    -0.0000
  194    2.6012    -0.0000
  195    2.5525    -0.0000
  196    2.5027    -0.0000
  197    2.4516    -0.0000
  198    2.3989    -0.0000
  199    2.3438    -0.0000
  200    2.2870    -0.0000
  201    2.2286    -0.0000
  202    2.1690    -0.0000
  203    2.1078    -0.0000
  204    2.0453    -0.0000
  205    1.9815    -0.0000
  206    1.9160    -0.0000
  207    1.8488    -0.0000
  208    1.7796    -0.0000
  209    1.7084    -0.0000
  210    1.6352    -0.0000
  211    1.5599    -0.0000
  212    1.4824    -0.0000
  213    1.4024    -0.0000
  214    1.3198    -0.0000
  215    1.2362    -0.0000
  216    1.1569    -0.0000
  217    1.0755    -0.0000
  218    0.9971    -0.0000
  219    0.9246    -0.0000
  220    0.8508    -0.0000
  221    0.7774    -0.0000
  222    0.7060    -0.0000
  223    0.6335    -0.0000
  224    0.5680    -0.0000
  225    0.5086    -0.0000
  226    0.4491    -0.0000
  227    0.3986    -0.0000
  228    0.3514    -0.0000
  229    0.3046    -0.0000
  230    0.2700    -0.0000
  231    0.2364    -0.0000
  232    0.2050    -0.0000
  233    0.1812    -0.0000
  234    0.1578    -0.0000
  235    0.1368    -0.0000
  236    0.1190    -0.0000
  237    0.1010    -0.0000
  238    0.0826    -0.0000
  239    0.0635    -0.0000
  240    0.0426    -0.0000
  241    0.0142    -0.0000
  242    -0.0215    -0.0000
  243    -0.0310    -0.0000
  244    -0.0351    -0.0000
  245    -0.0361    -0.0000
  246    -0.0354    -0.0000
  247    -0.0351    -0.0000
  248    -0.0337    -0.0000
  249    -0.0312    -0.0000
  250    -0.0274    -0.0000
  251    -0.0226    -0.0000
  252    -0.0183    -0.0000
  253    -0.0156    -0.0000
  254    -0.0125    -0.0000
  255    -0.0090    -0.0000
  256    -0.0052    -0.0000
  257    -0.0009    -0.0000
  258    -0.0009    -0.0000
  259    -0.0009    -0.0000
  260    0.0000    0.0000
  261    0.0000    0.0000
  262    0.0000    0.0000
  263    0.0000    0.0000
  264    0.0000    0.0000
  265    0.0000    0.0000
  266    0.0000    0.0000
  267    0.0000    0.0000
  268    0.0000    0.0000
  269    0.0000    0.0000
  270    0.0000    0.0000
  271    0.0000    0.0000
  272    0.0000    0.0000
  273    0.0000    0.0000
  274    0.0000    0.0000
  275    0.0000    0.0000
  276    0.0000    0.0000
  277    0.0000    0.0000
  278    0.0000    0.0000
  279    0.0000    0.0000
  280    0.0000    0.0000
  281    0.0000    0.0000
  282    0.0000    0.0000
  283    0.0000    0.0000
  284    0.0000    0.0000
  285    0.0000    0.0000
  286    0.0000    0.0000
  287    0.0000    0.0000
  288    0.0000    0.0000
  289    0.0000    0.0000
  290    0.0000    0.0000
  291    0.0000    0.0000
  292    0.0000    0.0000
  293    0.0000    0.0000
  294    0.0000    0.0000
  295    0.0000    0.0000
  296    0.0000    0.0000
  297    0.0000    0.0000
  298    0.0000    0.0000
  299    0.0000    0.0000
  300    0.0000    0.0000
  301    0.0000    0.0000
  302    0.0000    0.0000
  303    0.0000    0.0000
  304    0.0000    0.0000
  305    0.0000    0.0000
  306    0.0000    0.0000
  307    0.0000    0.0000
  308    0.0000    0.0000
  309    0.0000    0.0000
  310    0.0000    0.0000
  311    0.0000    0.0000
  312    0.0000    0.0000
  313    0.0000    0.0000
  314    0.0000    0.0000
  315    0.0000    0.0000
  316    0.0000    0.0000
  317    0.0000    0.0000
  318    0.0000    0.0000
  319    0.0000    0.0000
  320    0.0000    0.0000
  321    0.0000    0.0000
  322    0.0000    0.0000
  323    0.0000    0.0000
  324    0.0000    0.0000
  325    0.0000    0.0000
  326    0.0000    0.0000
  327    0.0000    0.0000
  328    0.0000    0.0000
  329    0.0000    0.0000
  330    0.0000    0.0000
  331    0.0000    0.0000
  332    0.0000    0.0000
  333    0.0000    0.0000
  334    0.0000    0.0000
  335    0.0000    0.0000
  336    0.0000    0.0000
  337    0.0000    0.0000
  338    0.0000    0.0000
  339    0.0000    0.0000
  340    0.0000    0.0000
  341    0.0000    0.0000
  342    0.0000    0.0000
  343    0.0000    0.0000
  344    0.0000    0.0000
  345    0.0000    0.0000
  346    0.0000    0.0000
  347    0.0000    0.0000
  348    0.0000    0.0000
  349    0.0000    0.0000
  350    0.0000    0.0000
  351    0.0000    0.0000
  352    0.0000    0.0000
  353    0.0000    0.0000
  354    0.0000    0.0000
  355    0.0000    0.0000
  356    0.0000    0.0000
  357    0.0000    0.0000
  358    0.0000    0.0000
  359    0.0000    0.0000
  360    0.0000    0.0000
