  360    73.9140
  361    75.3164
  362    76.5132
  363    77.4971
  364    78.2631
  365    78.8090
  366    79.1349
  367    79.2433
  368    79.1388
  369    78.8281
  370    78.3195
  371    77.6229
  372    76.7494
  373    75.7112
  374    74.5208
  375    73.1917
  376    71.7372
  377    70.1709
  378    68.5048
  379    66.7505
  380    64.9192
  381    62.9737
  382    61.0574
  383    59.1748
  384    57.3298
  385    55.5258
  386    53.7653
  387    52.0504
  388    50.3826
  389    48.7631
  390    47.1925
  391    45.6713
  392    44.1993
  393    42.7765
  394    41.4023
  395    40.0761
  396    38.7970
  397    37.5642
  398    36.3765
  399    35.2328
  400    34.1319
  401    33.0726
  402    32.0535
  403    31.0734
  404    30.1309
  405    29.2247
  406    28.3535
  407    27.5160
  408    26.7110
  409    25.9371
  410    25.1933
  411    24.4782
  412    23.7908
  413    23.1299
  414    22.4944
  415    21.8834
  416    21.2957
  417    20.7305
  418    20.1867
  419    19.6636
  420    19.1602
  421    18.6757
  422    18.2093
  423    17.7602
  424    17.3278
  425    16.9113
  426    16.5101
  427    16.1235
  428    15.7509
  429    15.3918
  430    15.0455
  431    14.7116
  432    14.3895
  433    14.0788
  434    13.7790
  435    13.4897
  436    13.2103
  437    12.9406
  438    12.6802
  439    12.4286
  440    12.1855
  441    11.9506
  442    11.7235
  443    11.5040
  444    11.2918
  445    11.0865
  446    10.8880
  447    10.6959
  448    10.5100
  449    10.3301
  450    10.1559
  451    9.9873
  452    9.8240
  453    9.6658
  454    9.5126
  455    9.3641
  456    9.2202
  457    9.0808
  458    8.9456
  459    8.8145
  460    8.6874
  461    8.5641
  462    8.4446
  463    8.3286
  464    8.2160
  465    8.1068
  466    8.0008
  467    7.8979
  468    7.7980
  469    7.7010
  470    7.6068
  471    7.5153
  472    7.4265
  473    7.3402
  474    7.2564
  475    7.1749
  476    7.0929
  477    7.0227
  478    6.9547
  479    6.8885
  480    6.8242
  481    6.7612
  482    6.6994
  483    6.6390
  484    6.5797
  485    6.5217
  486    6.4645
  487    6.4080
  488    6.3521
  489    6.2968
  490    6.2418
  491    6.1873
  492    6.1329
  493    6.0783
  494    6.0236
  495    5.9682
  496    5.9119
  497    5.8549
  498    5.7966
  499    5.7370
  500    5.6761
  501    5.6136
  502    5.5496
  503    5.4840
  504    5.4166
  505    5.3475
  506    5.2765
  507    5.2034
  508    5.1283
  509    5.0515
  510    4.9734
  511    4.8942
  512    4.8137
  513    4.7321
  514    4.6495
  515    4.5659
  516    4.4815
  517    4.3966
  518    4.3114
  519    4.2260
  520    4.1405
  521    4.0544
  522    3.9678
  523    3.8808
  524    3.7935
  525    3.7062
  526    3.6189
  527    3.5317
  528    3.4446
  529    3.3579
  530    3.2717
  531    3.1869
  532    3.1044
  533    3.0246
  534    2.9476
  535    2.8734
  536    2.8017
  537    2.7315
  538    2.6629
  539    2.5961
  540    2.5311
  541    2.4681
  542    2.4070
  543    2.3479
  544    2.2910
  545    2.2361
  546    2.1835
  547    2.1330
  548    2.0848
  549    2.0387
  550    1.9947
  551    1.9528
  552    1.9130
  553    1.8753
  554    1.8397
  555    1.8060
  556    1.7743
  557    1.7445
  558    1.7167
  559    1.6907
  560    1.6665
  561    1.6442
  562    1.6237
  563    1.6049
  564    1.5878
  565    1.5725
  566    1.5587
  567    1.5466
  568    1.5359
  569    1.5267
  570    1.5189
  571    1.5123
  572    1.5069
  573    1.5025
  574    1.4990
  575    1.4963
  576    1.4943
  577    1.4928
  578    1.4917
  579    1.4907
  580    1.4899
  581    1.4890
  582    1.4879
  583    1.4864
  584    1.4845
  585    1.4820
  586    1.4788
  587    1.4749
  588    1.4702
  589    1.4647
  590    1.4582
  591    1.4508
  592    1.4425
  593    1.4333
  594    1.4231
  595    1.4120
  596    1.4001
  597    1.3873
  598    1.3738
  599    1.3595
  600    1.3446
  601    1.3291
  602    1.3130
  603    1.2964
  604    1.2793
  605    1.2619
  606    1.2442
  607    1.2261
  608    1.2078
  609    1.1894
  610    1.1708
  611    1.1522
  612    1.1335
  613    1.1148
  614    1.0962
  615    1.0777
  616    1.0593
  617    1.0411
  618    1.0231
  619    1.0052
  620    0.9877
  621    0.9704
  622    0.9534
  623    0.9368
  624    0.9205
  625    0.9046
  626    0.8891
  627    0.8740
  628    0.8594
  629    0.8452
  630    0.8316
  631    0.8186
  632    0.8061
  633    0.7943
  634    0.7832
  635    0.7729
  636    0.7635
  637    0.7550
  638    0.7476
  639    0.7414
  640    0.7366
  641    0.7335
  642    0.7321
  643    0.7329
  644    0.7360
  645    0.7419
  646    0.7507
  647    0.7628
  648    0.7786
  649    0.8003
  650    0.8240
  651    0.8498
  652    0.8778
  653    0.9077
  654    0.9390
  655    0.9713
  656    1.0042
  657    1.0370
  658    1.0693
  659    1.1007
  660    1.1282
  661    1.1546
  662    1.1812
  663    1.2064
  664    1.2299
  665    1.2516
  666    1.2715
  667    1.2897
  668    1.3062
  669    1.3211
  670    1.3346
  671    1.3468
  672    1.3578
  673    1.3678
  674    1.3769
  675    1.3853
  676    1.3931
  677    1.4005
  678    1.4076
  679    1.4144
  680    1.4212
  681    1.4280
  682    1.4346
  683    1.4405
  684    1.4459
  685    1.4507
  686    1.4551
  687    1.4593
  688    1.4634
  689    1.4673
  690    1.4713
  691    1.4753
  692    1.4795
  693    1.4837
  694    1.4880
  695    1.4925
  696    1.4971
  697    1.5018
  698    1.5066
  699    1.5113
  700    1.5161
  701    1.5550
  702    1.5537
  703    1.5471
  704    1.5429
  705    1.5405
  706    1.5388
  707    1.5378
  708    1.5369
  709    1.5361
  710    1.5352
  711    1.5338
  712    1.5318
  713    1.5291
  714    1.5253
  715    1.5205
  716    1.5174
  717    1.5110
  718    1.5012
  719    1.4878
  720    1.4693
    1    1.4455
    2    1.4167
    3    1.3822
    4    1.3425
    5    1.2989
    6    1.2517
    7    1.2023
    8    1.1520
    9    1.1021
   10    1.0538
   11    1.0086
   12    0.9679
   13    0.9324
   14    0.9023
   15    0.8770
   16    0.8554
   17    0.8367
   18    0.8178
   19    0.8028
   20    0.7889
   21    0.7753
   22    0.7624
   23    0.7499
   24    0.7379
   25    0.7264
   26    0.7153
   27    0.7046
   28    0.6942
   29    0.6841
   30    0.6744
   31    0.6652
   32    0.6564
   33    0.6479
   34    0.6397
   35    0.6319
   36    0.6244
   37    0.6184
   38    0.6054
   39    0.5935
   40    0.5826
   41    0.5725
   42    0.5633
   43    0.5547
   44    0.5469
   45    0.5396
   46    0.5330
   47    0.5268
   48    0.5212
   49    0.5162
   50    0.5118
   51    0.5080
   52    0.5046
   53    0.5018
   54    0.4993
   55    0.4973
   56    0.4957
   57    0.4944
   58    0.4935
   59    0.4929
   60    0.4925
   61    0.4924
   62    0.4926
   63    0.4929
   64    0.4935
   65    0.4942
   66    0.4951
   67    0.4961
   68    0.4973
   69    0.4985
   70    0.4999
   71    0.5014
   72    0.5030
   73    0.5046
   74    0.5063
   75    0.5081
   76    0.5099
   77    0.5117
   78    0.5136
   79    0.5156
   80    0.5175
   81    0.5195
   82    0.5215
   83    0.5236
   84    0.5257
   85    0.5278
   86    0.5299
   87    0.5320
   88    0.5342
   89    0.5364
   90    0.5386
   91    0.5408
   92    0.5431
   93    0.5453
   94    0.5476
   95    0.5499
   96    0.5523
   97    0.5547
   98    0.5571
   99    0.5596
  100    0.5621
  101    0.5647
  102    0.5673
  103    0.5700
  104    0.5727
  105    0.5756
  106    0.5785
  107    0.5815
  108    0.5846
  109    0.5878
  110    0.5910
  111    0.5944
  112    0.5980
  113    0.6016
  114    0.6054
  115    0.6092
  116    0.6133
  117    0.6174
  118    0.6217
  119    0.6260
  120    0.6305
  121    0.6351
  122    0.6398
  123    0.6445
  124    0.6493
  125    0.6542
  126    0.6590
  127    0.6639
  128    0.6687
  129    0.6734
  130    0.6780
  131    0.6825
  132    0.6868
  133    0.6909
  134    0.6949
  135    0.6986
  136    0.7020
  137    0.7053
  138    0.7083
  139    0.7110
  140    0.7135
  141    0.7159
  142    0.7180
  143    0.7200
  144    0.7219
  145    0.7237
  146    0.7255
  147    0.7274
  148    0.7293
  149    0.7314
  150    0.7337
  151    0.7363
  152    0.7392
  153    0.7425
  154    0.7463
  155    0.7504
  156    0.7551
  157    0.7601
  158    0.7656
  159    0.7715
  160    0.7777
  161    0.7842
  162    0.7910
  163    0.7980
  164    0.8052
  165    0.8126
  166    0.8201
  167    0.8277
  168    0.8354
  169    0.8432
  170    0.8510
  171    0.8588
  172    0.8666
  173    0.8744
  174    0.8823
  175    0.8901
  176    0.8979
  177    0.9057
  178    0.9135
  179    0.9213
  180    0.9290
  181    0.9369
  182    0.9448
  183    0.9529
  184    0.9610
  185    0.9692
  186    0.9776
  187    0.9860
  188    0.9945
  189    1.0030
  190    1.0117
  191    1.0204
  192    1.0292
  193    1.0380
  194    1.0469
  195    1.0559
  196    1.0649
  197    1.0740
  198    1.0831
  199    1.0923
  200    1.1016
  201    1.1109
  202    1.1202
  203    1.1296
  204    1.1391
  205    1.1486
  206    1.1582
  207    1.1679
  208    1.1776
  209    1.1873
  210    1.1971
  211    1.2070
  212    1.2169
  213    1.2269
  214    1.2369
  215    1.2469
  216    1.2570
  217    1.2672
  218    1.2774
  219    1.2877
  220    1.2981
  221    1.3086
  222    1.3192
  223    1.3298
  224    1.3406
  225    1.3516
  226    1.3627
  227    1.3739
  228    1.3853
  229    1.3970
  230    1.4089
  231    1.4210
  232    1.4334
  233    1.4461
  234    1.4591
  235    1.4725
  236    1.4862
  237    1.5002
  238    1.5146
  239    1.5295
  240    1.5447
  241    1.5603
  242    1.5763
  243    1.5927
  244    1.6096
  245    1.6270
  246    1.6449
  247    1.6634
  248    1.6824
  249    1.7021
  250    1.7224
  251    1.7433
  252    1.7650
  253    1.7873
  254    1.8104
  255    1.8342
  256    1.8589
  257    1.8843
  258    1.9106
  259    1.9377
  260    1.9656
  261    1.9945
  262    2.0243
  263    2.0551
  264    2.0869
  265    2.1198
  266    2.1538
  267    2.1890
  268    2.2253
  269    2.2629
  270    2.3018
  271    2.3421
  272    2.3837
  273    2.4269
  274    2.4715
  275    2.5177
  276    2.5656
  277    2.6152
  278    2.6665
  279    2.7198
  280    2.7750
  281    2.8322
  282    2.8915
  283    2.9530
  284    3.0169
  285    3.0831
  286    3.1518
  287    3.2232
  288    3.2973
  289    3.3742
  290    3.4542
  291    3.5372
  292    3.6235
  293    3.7132
  294    3.8065
  295    3.9034
  296    4.0043
  297    4.1092
  298    4.2183
  299    4.3319
  300    4.4501
  301    4.5732
  302    4.7013
  303    4.8347
  304    4.9736
  305    5.1183
  306    5.2690
  307    5.4260
  308    5.5896
  309    5.7600
  310    5.9375
  311    6.1225
  312    6.3152
  313    6.5159
  314    6.7250
  315    6.9427
  316    7.1694
  317    7.4054
  318    7.6510
  319    7.9065
  320    8.1723
  321    8.4485
  322    8.7354
  323    9.0334
  324    9.3425
  325    9.6630
  326    9.9950
  327    10.4996
  328    11.0987
  329    11.8012
  330    12.6125
  331    13.5359
  332    14.5741
  333    15.7292
  334    17.0028
  335    18.3962
  336    19.9097
  337    21.5430
  338    23.2950
  339    25.1635
  340    27.1454
  341    29.2361
  342    31.4298
  343    33.7193
  344    36.0958
  345    38.5489
  346    41.0669
  347    43.6361
  348    46.2417
  349    48.8672
  350    51.4949
  351    54.1062
  352    56.6815
  353    59.2006
  354    61.6434
  355    63.9897
  356    66.2198
  357    68.3148
  358    70.2573
  359    72.0311
  360    73.6220
