Speed  IMEP     PMEP    FMEP   BMEP   MEff  VEff   ThEff  Torque  Power    mf    SFC  TMass  MassIn  MassOut  Lambda  Spark  BackP  QHeat  QWork  QExht  QPump  QFric
4000  13.843  -0.331   2.701  11.473  82.9  108.8  29.9  145.66  61.012  17.09  280.0  572.26  551.71  551.74   1.00   28.0   16.7   28.4   29.9   35.6   -0.9    7.0
4000  13.268  -0.547   2.917  10.898  82.1  108.9  28.2  138.35  57.954  17.21  296.9  574.46  555.70  555.85   1.00    6.0   16.7   18.4   28.2   47.3   -1.4    7.5
4000  13.495  -0.525   2.895  11.125  82.4  108.8  28.8  141.23  59.159  17.19  290.6  574.40  555.20  555.65   1.00    8.0   16.7   19.0   28.8   46.0   -1.4    7.5
4000  13.695  -0.504   2.874  11.325  82.7  108.9  29.3  143.78  60.225  17.20  285.5  574.68  555.27  555.48   1.00   10.0   16.7   19.7   29.3   44.9   -1.3    7.4
4000  13.868  -0.485   2.855  11.498  82.9  108.8  29.8  145.97  61.146  17.19  281.1  574.74  555.11  555.41   1.00   12.0   16.7   20.4   29.8   43.7   -1.3    7.4
4000  14.003  -0.465   2.835  11.633  83.1  108.8  30.1  147.69  61.863  17.19  277.8  574.81  554.96  555.25   1.00   14.0   16.7   21.1   30.1   42.6   -1.2    7.3
4000  14.102  -0.447   2.817  11.732  83.2  108.7  30.4  148.94  62.388  17.18  275.3  574.73  554.67  555.11   1.00   16.0   16.7   21.9   30.4   41.5   -1.2    7.3
4000  14.158  -0.428   2.798  11.788  83.3  108.7  30.6  149.66  62.689  17.18  274.0  574.95  554.69  554.95   1.00   18.0   16.7   22.8   30.6   40.5   -1.1    7.3
4000  14.174  -0.410   2.780  11.804  83.3  108.7  30.6  149.85  62.770  17.17  273.5  574.92  554.44  554.88   1.00   20.0   16.7   23.7   30.6   39.6   -1.1    7.2
4000  14.145  -0.394   2.764  11.775  83.2  108.7  30.5  149.48  62.616  17.17  274.1  574.99  554.31  554.76   1.00   22.0   16.7   24.6   30.5   38.7   -1.0    7.2
4000  14.071  -0.380   2.750  11.701  83.2  108.6  30.4  148.54  62.222  17.16  275.8  575.11  554.23  554.63   1.00   24.0   16.7   25.5   30.4   38.0   -1.0    7.1
4000  13.949  -0.365   2.735  11.579  83.0  108.6  30.0  147.01  61.578  17.16  278.7  575.20  554.13  554.51   1.00   26.0   16.7   26.5   30.0   37.3   -0.9    7.1
4000  13.781  -0.351   2.721  11.411  82.8  108.7  29.6  144.87  60.682  17.16  282.9  575.53  554.28  554.44   1.00   28.0   16.7   27.5   29.6   36.8   -0.9    7.1
4000  13.406  -0.320   2.690  11.036  82.3  108.5  28.7  140.11  58.691  17.14  292.1  575.52  553.59  553.84   1.00   30.0   16.7   27.9   28.7   37.3   -0.8    7.0
4000  13.354  -0.533   2.903  10.984  82.3  109.1  28.5  139.45  58.412  17.13  293.3  571.28  553.21  553.33   1.00    6.0   16.7   18.6   28.5   46.6   -1.4    7.5
4000  13.588  -0.511   2.881  11.218  82.6  109.1  29.2  142.41  59.654  17.13  287.1  571.37  553.08  553.20   1.00    8.0   16.7   19.3   29.2   45.4   -1.3    7.5
4000  13.793  -0.490   2.860  11.423  82.8  109.1  29.7  145.03  60.749  17.12  281.9  571.45  552.95  553.05   1.00   10.0   16.7   20.0   29.7   44.1   -1.3    7.4
4000  13.967  -0.469   2.839  11.597  83.0  109.0  30.2  147.23  61.673  17.11  277.5  571.56  552.62  552.93   1.00   12.0   16.7   20.7   30.2   42.9   -1.2    7.4
4000  14.105  -0.449   2.819  11.735  83.2  109.0  30.5  148.99  62.407  17.11  274.2  571.63  552.48  552.80   1.00   14.0   16.7   21.6   30.5   41.7   -1.2    7.3
4000  14.204  -0.429   2.799  11.834  83.3  108.9  30.8  150.24  62.933  17.11  271.8  571.72  552.35  552.68   1.00   16.0   16.7   22.4   30.8   40.6   -1.1    7.3
4000  14.261  -0.411   2.781  11.891  83.4  108.9  31.0  150.96  63.234  17.10  270.4  571.80  552.23  552.56   1.00   18.0   16.7   23.3   31.0   39.6   -1.1    7.2
4000  14.273  -0.393   2.763  11.903  83.4  108.9  31.0  151.12  63.301  17.10  270.2  572.05  552.27  552.45   1.00   20.0   16.7   24.2   31.0   38.6   -1.0    7.2
4000  14.238  -0.375   2.745  11.868  83.4  108.9  30.9  150.67  63.114  17.10  270.9  572.14  552.15  552.34   1.00   22.0   16.7   25.2   30.9   37.7   -1.0    7.1
4000  14.157  -0.360   2.730  11.787  83.3  108.8  30.7  149.64  62.681  17.09  272.7  572.05  551.87  552.20   1.00   24.0   16.7   26.3   30.7   36.9   -0.9    7.1
4000  14.027  -0.345   2.715  11.657  83.1  108.8  30.4  147.99  61.989  17.09  275.6  572.15  551.77  552.11   1.00   26.0   16.7   27.3   30.4   36.1   -0.9    7.1
4000  13.848  -0.331   2.701  11.478  82.9  108.8  29.9  145.72  61.040  17.08  279.9  572.24  551.67  552.07   1.00   28.0   16.7   28.4   29.9   35.5   -0.9    7.0
4000  13.458  -0.300   2.670  11.088  82.4  108.7  28.9  140.77  58.964  17.07  289.5  572.39  551.14  551.45   1.00   30.0   16.7   28.8   28.9   36.1   -0.8    7.0
4000  13.439  -0.521   2.891  11.069  82.4  109.4  28.9  140.53  58.865  17.08  290.1  568.86  551.42  551.54   1.00    6.0   16.7   18.9   28.9   46.1   -1.4    7.5
4000  13.689  -0.499   2.869  11.319  82.7  109.3  29.5  143.70  60.194  17.07  283.6  568.99  551.35  551.85   1.00    8.0   16.7   19.6   29.5   44.7   -1.3    7.5
4000  13.887  -0.476   2.846  11.517  82.9  109.3  30.0  146.22  61.249  17.07  278.7  569.03  551.16  551.27   1.00   10.0   16.7   20.3   30.0   43.5   -1.2    7.4
4000  14.063  -0.454   2.824  11.693  83.1  109.3  30.5  148.45  62.185  17.06  274.4  569.02  550.94  551.13   1.00   12.0   16.7   21.1   30.5   42.2   -1.2    7.4
4000  14.202  -0.433   2.803  11.832  83.3  109.2  30.9  150.22  62.924  17.06  271.1  569.39  550.86  551.01   1.00   14.0   16.7   22.0   30.9   41.0   -1.1    7.3
4000  14.301  -0.413   2.783  11.931  83.4  109.2  31.2  151.47  63.447  17.04  268.6  569.15  550.41  550.88   1.00   16.0   16.7   22.9   31.2   39.8   -1.1    7.3
4000  14.353  -0.393   2.763  11.983  83.5  109.1  31.3  152.12  63.722  17.04  267.4  569.24  550.29  550.59   1.00   18.0   16.7   23.8   31.3   38.7   -1.0    7.2
4000  14.358  -0.375   2.745  11.988  83.5  109.1  31.3  152.19  63.749  17.04  267.3  569.32  550.16  550.35   1.00   20.0   16.7   24.9   31.3   37.6   -1.0    7.2
4000  14.316  -0.358   2.728  11.946  83.4  109.1  31.2  151.66  63.528  17.03  268.1  569.35  549.99  550.05   1.00   22.0   16.7   25.9   31.2   36.7   -0.9    7.1
4000  14.236  -0.342   2.712  11.866  83.4  109.1  31.0  150.65  63.104  17.03  269.9  569.46  549.89  550.38   1.00   24.0   16.7   27.0   31.0   35.8   -0.9    7.1
4000  14.089  -0.326   2.696  11.719  83.2  109.0  30.6  148.78  62.319  17.03  273.2  569.55  549.79  549.90   1.00   26.0   16.7   28.1   30.6   35.0   -0.9    7.0
4000  13.893  -0.311   2.681  11.523  82.9  109.0  30.1  146.29  61.279  17.02  277.8  569.63  549.67  549.61   1.00   28.0   16.7   29.2   30.1   34.4   -0.8    7.0
4000  13.501  -0.280   2.650  11.131  82.4  109.0  29.1  141.32  59.195  17.02  287.6  570.10  549.72  549.89   1.00   30.0   16.7   29.7   29.1   34.9   -0.7    6.9