  360    1.0658      5.91    1.0831      3.47    1.0871      0.00
  361    1.0658      6.57    1.0821      3.85    1.0858      0.00
  362    1.0658      7.19    1.0809      4.19    1.0844      0.00
  363    1.0658      7.76    1.0797      4.51    1.0829      0.00
  364    1.0658      8.27    1.0783      4.79    1.0813      0.00
  365    1.0658      8.72    1.0769      5.05    1.0796      0.00
  366    1.0658      9.10    1.0755      5.27    1.0778      0.00
  367    1.0658      9.43    1.0739      5.45    1.0760      0.00
  368    1.0658      9.69    1.0724      5.59    1.0741      0.00
  369    1.0658      9.89    1.0708      5.70    1.0722      0.00
  370    1.0658     10.02    1.0692      5.77    1.0702      0.00
  371    1.0658     10.08    1.0676      5.80    1.0682      0.00
  372    1.0658     10.08    1.0660      5.80    1.0663      0.00
  373    1.0658     10.01    1.0645      5.75    1.0643      0.00
  374    1.0658      9.88    1.0629      5.67    1.0624      0.00
  375    1.0658      9.68    1.0614      5.55    1.0605      0.00
  376    1.0658      9.43    1.0599      5.39    1.0587      0.00
  377    1.0658      9.11    1.0585      5.20    1.0569      0.00
  378    1.0658      8.74    1.0571      4.98    1.0552      0.00
  379    1.0658      8.32    1.0558      4.73    1.0536      0.00
  380    1.0658      7.84    1.0546      4.45    1.0521      0.00
  381    1.0658      7.32    1.0534      4.14    1.0507      0.00
  382    1.0658      6.76    1.0524      3.80    1.0494      0.00
  383    1.0658      6.16    1.0514      3.44    1.0482      0.00
  384    1.0658      5.52    1.0506      3.07    1.0472      0.00
  385    1.0658      4.85    1.0499      2.67    1.0463      0.00
  386    1.0658      4.16    1.0492      2.27    1.0455      0.00
  387    1.0658      3.45    1.0487      1.85    1.0448      0.00
  388    1.0658      2.72    1.0483      1.42    1.0443      0.00
  389    1.0658      1.98    1.0480      0.98    1.0440      0.00
  390    1.0658      1.23    1.0479      0.54    1.0437      0.00
  391    1.0658      0.48    1.0478      0.11    1.0437      0.00
  392    1.0657     -0.25    1.0479     -0.33    1.0438      0.00
  393    1.0657     -0.98    1.0481     -0.76    1.0440      0.00
  394    1.0657     -1.70    1.0484     -1.18    1.0443      0.00
  395    1.0657     -2.40    1.0488     -1.59    1.0448      0.00
  396    1.0657     -3.08    1.0493     -1.99    1.0455      0.00
  397    1.0657     -3.73    1.0499     -2.37    1.0462      0.00
  398    1.0657     -4.36    1.0507     -2.73    1.0471      0.00
  399    1.0657     -4.95    1.0515     -3.07    1.0481      0.00
  400    1.0657     -5.50    1.0524     -3.39    1.0492      0.00
  401    1.0656     -6.02    1.0533     -3.68    1.0504      0.00
  402    1.0656     -6.49    1.0544     -3.94    1.0518      0.00
  403    1.0656     -6.91    1.0555     -4.17    1.0531      0.00
  404    1.0656     -7.29    1.0567     -4.38    1.0546      0.00
  405    1.0656     -7.62    1.0579     -4.55    1.0561      0.00
  406    1.0656     -7.89    1.0592     -4.69    1.0577      0.00
  407    1.0656     -8.12    1.0604     -4.79    1.0593      0.00
  408    1.0656     -8.28    1.0618     -4.86    1.0609      0.00
  409    1.0655     -8.40    1.0631     -4.90    1.0626      0.00
  410    1.0655     -8.46    1.0644     -4.91    1.0643      0.00
  411    1.0655     -8.46    1.0658     -4.88    1.0659      0.00
  412    1.0655     -8.41    1.0671     -4.83    1.0675      0.00
  413    1.0656     -8.31    1.0684     -4.74    1.0692      0.00
  414    1.0656     -8.15    1.0697     -4.62    1.0707      0.00
  415    1.0656     -7.94    1.0710     -4.47    1.0723      0.00
  416    1.0656     -7.69    1.0722     -4.30    1.0737      0.00
  417    1.0656     -7.38    1.0733     -4.10    1.0751      0.00
  418    1.0656     -7.03    1.0744     -3.88    1.0765      0.00
  419    1.0656     -6.63    1.0754     -3.63    1.0777      0.00
  420    1.0656     -6.20    1.0764     -3.37    1.0789      0.00
  421    1.0657     -5.72    1.0773     -3.09    1.0799      0.00
  422    1.0657     -5.22    1.0781     -2.79    1.0809      0.00
  423    1.0657     -4.68    1.0788     -2.47    1.0818      0.00
  424    1.0657     -4.11    1.0794     -2.15    1.0825      0.00
  425    1.0657     -3.53    1.0800     -1.81    1.0832      0.00
  426    1.0657     -2.92    1.0804     -1.47    1.0837      0.00
  427    1.0657     -2.30    1.0807     -1.12    1.0841      0.00
  428    1.0657     -1.67    1.0810     -0.77    1.0844      0.00
  429    1.0657     -1.03    1.0811     -0.41    1.0845      0.00
  430    1.0657     -0.40    1.0811     -0.06    1.0846      0.00
  431    1.0658      0.24    1.0811      0.30    1.0845      0.00
  432    1.0658      0.87    1.0809      0.64    1.0843      0.00
  433    1.0658      1.48    1.0806      0.99    1.0840      0.00
  434    1.0658      2.09    1.0803      1.32    1.0836      0.00
  435    1.0658      2.67    1.0798      1.64    1.0830      0.00
  436    1.0658      3.23    1.0793      1.95    1.0824      0.00
  437    1.0658      3.76    1.0787      2.25    1.0816      0.00
  438    1.0658      4.26    1.0780      2.53    1.0808      0.00
  439    1.0658      4.73    1.0772      2.79    1.0799      0.00
  440    1.0658      5.17    1.0764      3.03    1.0789      0.00
  441    1.0658      5.56    1.0755      3.25    1.0778      0.00
  442    1.0658      5.92    1.0745      3.45    1.0766      0.00
  443    1.0658      6.23    1.0735      3.63    1.0754      0.00
  444    1.0658      6.51    1.0725      3.78    1.0741      0.00
  445    1.0658      6.73    1.0714      3.90    1.0728      0.00
  446    1.0658      6.91    1.0703      4.00    1.0714      0.00
  447    1.0658      7.05    1.0692      4.07    1.0701      0.00
  448    1.0658      7.14    1.0680      4.12    1.0687      0.00
  449    1.0658      7.18    1.0669      4.13    1.0673      0.00
  450    1.0658      7.17    1.0658      4.13    1.0659      0.00
  451    1.0658      7.12    1.0646      4.09    1.0645      0.00
  452    1.0658      7.02    1.0635      4.03    1.0631      0.00
  453    1.0658      6.88    1.0625      3.94    1.0618      0.00
  454    1.0658      6.69    1.0614      3.82    1.0605      0.00
  455    1.0658      6.46    1.0604      3.68    1.0592      0.00
  456    1.0658      6.20    1.0594      3.52    1.0580      0.00
  457    1.0658      5.89    1.0585      3.34    1.0569      0.00
  458    1.0658      5.55    1.0576      3.14    1.0558      0.00
  459    1.0658      5.18    1.0568      2.91    1.0548      0.00
  460    1.0658      4.77    1.0561      2.67    1.0539      0.00
  461    1.0658      4.34    1.0554      2.42    1.0531      0.00
  462    1.0658      3.89    1.0548      2.15    1.0524      0.00
  463    1.0658      3.41    1.0543      1.87    1.0517      0.00
  464    1.0658      2.92    1.0539      1.58    1.0512      0.00
  465    1.0658      2.41    1.0535      1.28    1.0507      0.00
  466    1.0658      1.89    1.0532      0.97    1.0504      0.00
  467    1.0658      1.36    1.0530      0.66    1.0501      0.00
  468    1.0658      0.83    1.0529      0.35    1.0500      0.00
  469    1.0658      0.29    1.0529      0.04    1.0499      0.00
  470    1.0657     -0.23    1.0530     -0.27    1.0500      0.00
  471    1.0657     -0.75    1.0531     -0.57    1.0502      0.00
  472    1.0657     -1.27    1.0533     -0.87    1.0505      0.00
  473    1.0657     -1.77    1.0536     -1.16    1.0508      0.00
  474    1.0657     -2.25    1.0540     -1.44    1.0513      0.00
  475    1.0657     -2.72    1.0545     -1.71    1.0518      0.00
  476    1.0657     -3.16    1.0550     -1.97    1.0525      0.00
  477    1.0657     -3.58    1.0556     -2.21    1.0532      0.00
  478    1.0657     -3.97    1.0562     -2.43    1.0540      0.00
  479    1.0657     -4.34    1.0569     -2.63    1.0556      0.31
  480    1.0657     -4.67    1.0577     -2.82    1.0596      1.96
  481    1.0657     -4.97    1.0585     -2.98    1.0635      3.59
  482    1.0657     -5.24    1.0593     -3.13    1.0674      5.21
  483    1.0657     -5.47    1.0602     -3.23    1.0713      6.82
  484    1.0657     -5.66    1.0614     -3.22    1.0752      8.42
  485    1.0657     -5.82    1.0629     -3.01    1.0808     10.92
  486    1.0656     -5.94    1.0649     -2.60    1.0875     14.08
  487    1.0656     -6.01    1.0673     -1.97    1.0941     17.21
  488    1.0656     -6.05    1.0701     -1.17    1.1015     20.80
  489    1.0656     -6.05    1.0732     -0.18    1.1090     24.52
  490    1.0656     -5.99    1.0768      1.04    1.1163     28.19
  491    1.0657     -5.86    1.0810      2.52    1.1259     33.07
  492    1.0657     -5.64    1.0858      4.28    1.1363     38.50
  493    1.0657     -5.28    1.0911      6.31    1.1463     43.85
  494    1.0657     -4.76    1.0970      8.59    1.1603     51.19
  495    1.0657     -4.04    1.1035     11.15    1.1742     58.72
  496    1.0657     -3.09    1.1108     14.05    1.1878     66.21
  497    1.0657     -1.87    1.1190     17.32    1.2045     75.29
  498    1.0657     -0.34    1.1282     21.03    1.2204     84.18
  499    1.0658      1.54    1.1386     25.25    1.2362     93.20
  500    1.0658      3.80    1.1502     29.97    1.2535    103.02
  501    1.0658      6.48    1.1631     35.24    1.2699    112.63
  502    1.0658      9.62    1.1773     41.05    1.2889    122.58
  503    1.0658     13.26    1.1926     47.33    1.3105    133.02
  504    1.0658     17.48    1.2090     54.06    1.3327    143.24
  505    1.0658     22.34    1.2263     61.18    1.3582    154.24
  506    1.0658     27.93    1.2445     68.72    1.3862    165.62
  507    1.0658     34.34    1.2639     76.79    1.4153    176.77
  508    1.0658     41.68    1.2846     85.43    1.4401    187.28
  509    1.0658     50.04    1.3066     94.69    1.4599    196.64
  510    1.0658     59.50    1.3301    104.57    1.4773    205.65
  511    1.0658     70.13    1.3547    114.99    1.4954    215.24
  512    1.0658     81.98    1.3800    125.72    1.5117    224.46
  513    1.0658     95.12    1.4044    136.33    1.5268    233.44
  514    1.0658    109.51    1.4271    146.48    1.5416    242.55
  515    1.0658    125.29    1.4479    156.26    1.5550    251.31
  516    1.0658    142.54    1.4669    165.75    1.5663    259.52
  517    1.0658    161.27    1.4840    174.93    1.5754    267.06
  518    1.0658    181.44    1.4992    183.94    1.5856    274.34
  519    1.0658    202.77    1.5127    192.82    1.5971    281.68
  520    1.0658    224.73    1.5241    201.50    1.6149    290.88
  521    1.0658    246.76    1.5330    209.89    1.6337    300.17
  522    1.0658    268.38    1.5396    218.16    1.6350    304.00
  523    1.0658    289.14    1.5449    226.58    1.6083    299.16
  524    1.0658    308.82    1.5510    235.91    1.5734    291.58
  525    1.0658    327.30    1.5583    246.26    1.5335    282.01
  526    1.0658    344.50    1.5601    255.32    1.4901    270.82
  527    1.0658    360.37    1.5474    259.91    1.4452    259.13
  528    1.0658    375.06    1.5212    260.34    1.4014    247.61
  529    1.0658    389.11    1.4859    257.96    1.3589    236.30
  530    1.0658    403.32    1.4447    253.81    1.3176    225.03
  531    1.0658    417.20    1.4002    248.66    1.2772    213.76
  532    1.0658    427.70    1.3542    243.05    1.2390    202.98
  533    1.0658    431.71    1.3079    237.37    1.2029    192.66
  534    1.0658    428.33    1.2620    231.76    1.1691    182.72
  535    1.0658    418.51    1.2170    226.33    1.1372    173.40
  536    1.0658    403.93    1.1733    221.25    1.1064    164.57
  537    1.0658    386.10    1.1313    216.61    1.0764    156.34
  538    1.0658    366.25    1.0911    212.40    1.0476    149.11
  539    1.0658    345.20    1.0528    208.60    1.0198    142.69
  540    1.0658    323.49    1.0162    205.08    0.9929    137.12
  541    1.0658    301.51    0.9814    201.70    0.9669    132.50
  542    1.0658    279.60    0.9486    198.39    0.9417    128.75
  543    1.0658    257.99    0.9179    195.01    0.9171    125.70
  544    1.0658    236.83    0.8897    191.47    0.8931    123.26
  545    1.0658    216.18    0.8640    187.53    0.8695    121.39
  546    1.0658    196.07    0.8411    183.03    0.8465    119.95
  547    1.0658    176.52    0.8214    177.87    0.8239    118.81
  548    1.0658    157.54    0.8048    171.66    0.8017    117.80
  549    1.0658    139.16    0.7913    164.35    0.7800    116.77
  550    1.0658    121.53    0.7812    155.58    0.7588    115.59
  551    1.0658    104.53    0.7745    145.30    0.7383    114.10
  552    1.0658     88.19    0.7712    133.40    0.7186    112.10
  553    1.0658     72.54    0.7710    119.91    0.6998    109.39
  554    1.0658     57.53    0.7737    104.97    0.6822    105.80
  555    1.0658     43.13    0.7788     88.80    0.6659    101.04
  556    1.0658     29.29    0.7860     71.72    0.6511     94.83
  557    1.0658     15.97    0.7946     54.10    0.6381     86.83
  558    1.0658      3.15    0.8041     36.29    0.6270     76.72
  559    1.0657     -5.31    0.8139     18.62    0.6181     64.10
  560    1.0652    -13.61    0.8235      1.34    0.6114     48.61
  561    1.0643    -22.61    0.8327    -15.38    0.6071     29.88
  562    1.0629    -31.77    0.8411    -31.46    0.6047      8.07
  563    1.0610    -40.83    0.8487    -46.85    0.6052    -29.78
  564    1.0587    -49.69    0.8548    -61.38    0.6127    -49.39
  565    1.0561    -58.23    0.8592    -74.89    0.6249    -71.65
  566    1.0532    -66.44    0.8606    -88.04    0.6423    -93.02
  567    1.0501    -74.33    0.8600   -100.71    0.6649   -111.32
  568    1.0468    -81.89    0.8577   -112.98    0.6921   -125.37
  569    1.0433    -89.15    0.8550   -124.50    0.7230   -134.49
  570    1.0397    -96.08    0.8528   -134.92    0.7567   -138.51
  571    1.0360   -102.78    0.8516   -143.98    0.7923   -137.91
  572    1.0322   -109.29    0.8521   -151.38    0.8288   -133.62
  573    1.0282   -115.63    0.8547   -156.86    0.8658   -126.65
  574    1.0241   -121.84    0.8599   -160.12    0.9026   -117.90
  575    1.0200   -127.94    0.8678   -161.17    0.9388   -108.09
  576    1.0156   -133.92    0.8786   -160.02    0.9740    -97.76
  577    1.0113   -139.77    0.8923   -156.67    1.0078    -87.30
  578    1.0069   -145.43    0.9094   -151.05    1.0399    -77.01
  579    1.0025   -150.86    0.9300   -143.52    1.0701    -67.07
  580    0.9982   -155.98    0.9538   -134.47    1.0983    -57.67
  581    0.9942   -160.72    0.9805   -124.37    1.1242    -48.88
  582    0.9904   -165.01    1.0093   -113.71    1.1480    -40.73
  583    0.9870   -168.77    1.0394   -103.13    1.1695    -33.28
  584    0.9842   -171.92    1.0697    -93.15    1.1888    -26.65
  585    0.9819   -174.37    1.0999    -83.90    1.2061    -20.89
  586    0.9803   -176.02    1.1297    -75.51    1.2215    -16.09
  587    0.9796   -176.79    1.1586    -68.09    1.2353    -12.34
  588    0.9799   -176.53    1.1862    -61.64    1.2479     -9.64
  589    0.9812   -175.14    1.2124    -56.14    1.2603     -0.68
  590    0.9836   -172.49    1.2369    -51.53    1.2673    -15.44
  591    0.9873   -168.46    1.2595    -47.72    1.2841     -0.67
  592    0.9922   -162.94    1.2808    -44.36    1.2916    -15.38
  593    0.9984   -155.82    1.2992    -41.90    1.3085    -10.01
  594    1.0055   -147.08    1.3159    -39.75    1.3223     -7.21
  595    1.0136   -136.70    1.3300    -38.14    1.3361     -0.67
  596    1.0222   -124.73    1.3420    -36.71    1.3590      0.41
  597    1.0309   -111.32    1.3528    -35.06    1.3760      0.41
  598    1.0394    -96.62    1.3631    -32.82    1.3911      0.41
  599    1.0472    -81.02    1.3723    -30.16    1.4050      0.41
  600    1.0538    -64.92    1.3803    -27.00    1.4175      0.42
  601    1.0590    -48.67    1.3871    -23.29    1.4288      0.42
  602    1.0627    -32.63    1.3925    -19.06    1.4384      0.42
  603    1.0649    -17.16    1.3962    -14.35    1.4462      0.42
  604    1.0657     -2.50    1.3980     -9.23    1.4520      0.42
  605    1.0658     11.09    1.3976     -3.73    1.4554      0.42
  606    1.0658     23.37    1.3951      2.08    1.4564      0.42
  607    1.0658     34.47    1.3905      8.16    1.4705      6.08
  608    1.0658     44.58    1.3837     14.43    1.4799     11.36
  609    1.0658     53.90    1.3750     20.78    1.4858     16.75
  610    1.0658     62.60    1.3643     27.12    1.4880     22.15
  611    1.0658     70.83    1.3532     33.81    1.4864     27.47
  612    1.0658     78.66    1.3428     41.07    1.4810     32.62
  613    1.0658     86.12    1.3333     48.85    1.4720     37.44
  614    1.0658     93.24    1.3246     56.91    1.4597     41.83
  615    1.0658     99.97    1.3163     64.93    1.4444     45.81
  616    1.0658    106.27    1.3077     72.62    1.4265     49.38
  617    1.0658    112.17    1.2985     79.74    1.4065     52.55
  618    1.0658    117.73    1.2883     86.11    1.3846     55.30
  619    1.0658    123.09    1.2770     91.63    1.3613     57.64
  620    1.0658    128.39    1.2646     96.25    1.3369     59.58
  621    1.0658    133.71    1.2511    100.01    1.3118     61.10
  622    1.0658    139.09    1.2365    102.94    1.2862     62.21
  623    1.0658    144.41    1.2210    105.10    1.2605     62.95
  624    1.0658    149.51    1.2047    106.57    1.2350     63.36
  625    1.0658    154.16    1.1879    107.40    1.2098     63.56
  626    1.0658    158.11    1.1705    107.68    1.1850     63.55
  627    1.0658    161.15    1.1529    107.47    1.1608     63.28
  628    1.0658    163.11    1.1350    106.84    1.1373     62.79
  629    1.0658    163.90    1.1170    105.88    1.1147     62.12
  630    1.0658    163.48    1.0990    104.65    1.0930     61.29
  631    1.0658    161.87    1.0811    103.21    1.0722     60.34
  632    1.0658    159.14    1.0634    101.62    1.0524     59.32
  633    1.0658    155.37    1.0460     99.89    1.0336     58.26
  634    1.0658    150.67    1.0288     98.05    1.0157     57.21
  635    1.0658    145.15    1.0122     96.10    0.9988     56.19
  636    1.0658    138.92    0.9962     94.01    0.9827     55.21
  637    1.0658    132.11    0.9810     91.76    0.9674     54.32
  638    1.0658    124.80    0.9667     89.32    0.9529     53.50
  639    1.0658    117.07    0.9535     86.64    0.9390     52.75
  640    1.0658    109.05    0.9414     83.70    0.9258     52.07
  641    1.0658    100.78    0.9305     80.45    0.9131     51.43
  642    1.0658     92.36    0.9209     76.86    0.9011     50.78
  643    1.0658     83.86    0.9128     72.89    0.8896     50.10
  644    1.0658     75.25    0.9060     68.52    0.8787     49.33
  645    1.0658     66.61    0.9007     63.75    0.8685     48.42
  646    1.0658     58.00    0.8967     58.57    0.8590     47.34
  647    1.0658     49.47    0.8941     52.97    0.8505     46.10
  648    1.0658     41.06    0.8926     46.98    0.8429     44.57
  649    1.0658     32.81    0.8923     40.66    0.8364     42.73
  650    1.0658     24.75    0.8930     34.03    0.8310     40.56
  651    1.0658     16.90    0.8946     27.18    0.8270     38.06
  652    1.0658      9.28    0.8971     20.19    0.8245     35.27
  653    1.0658      1.90    0.9004     13.11    0.8237     32.21
  654    1.0657     -4.35    0.9043      6.03    0.8247     28.97
  655    1.0655    -10.26    0.9087     -0.98    0.8276     25.60
  656    1.0650    -16.22    0.9137     -7.84    0.8325     22.18
  657    1.0644    -22.08    0.9191    -14.46    0.8395     18.88
  658    1.0636    -27.76    0.9250    -20.78    0.8487     15.77
  659    1.0626    -33.22    0.9312    -26.67    0.8599     12.88
  660    1.0616    -38.43    0.9378    -32.03    0.8732     10.33
  661    1.0604    -43.37    0.9447    -36.77    0.8885      8.22
  662    1.0592    -48.04    0.9520    -40.83    0.9056      6.60
  663    1.0579    -52.43    0.9597    -44.20    0.9244      5.53
  664    1.0567    -56.54    0.9680    -46.85    0.9445      5.03
  665    1.0554    -60.35    0.9770    -48.78    0.9657      5.12
  666    1.0542    -63.85    0.9866    -50.00    0.9877      5.77
  667    1.0530    -67.03    0.9971    -50.51    1.0099      6.91
  668    1.0519    -69.86    1.0084    -50.33    1.0320      8.43
  669    1.0509    -72.33    1.0205    -49.46    1.0536     10.24
  670    1.0501    -74.41    1.0335    -47.95    1.0746     12.23
  671    1.0494    -76.06    1.0473    -45.86    1.0946     14.29
  672    1.0489    -77.26    1.0618    -43.24    1.1134     16.33
  673    1.0486    -77.97    1.0768    -40.19    1.1311     18.30
  674    1.0485    -78.15    1.0923    -36.80    1.1476     20.15
  675    1.0487    -77.76    1.1081    -33.17    1.1629     21.87
  676    1.0491    -76.76    1.1238    -29.41    1.1933     27.60
  677    1.0498    -75.11    1.1394    -25.59    1.2035     28.25
  678    1.0508    -72.76    1.1546    -21.81    1.2079     27.13
  679    1.0520    -69.69    1.1691    -18.12    1.2138     26.47
  680    1.0535    -65.86    1.1835    -14.32    1.2204     26.11
  681    1.0551    -61.25    1.1977    -10.41    1.2272     25.86
  682    1.0569    -55.85    1.2107     -6.71    1.2334     25.46
  683    1.0587    -49.69    1.2219     -3.49    1.2389     24.91
  684    1.0606    -42.78    1.2310     -0.77    1.2438     24.23
  685    1.0622    -35.18    1.2382      1.54    1.2481     23.46
  686    1.0637    -26.93    1.2436      3.60    1.2517     22.57
  687    1.0648    -18.12    1.2475      5.54    1.2547     21.57
  688    1.0655     -8.85    1.2499      7.47    1.2570     20.53
  689    1.0658      0.77    1.2510      9.45    1.2581     19.26
  690    1.0658     10.45    1.2507     11.53    1.2583     17.88
  691    1.0658     19.92    1.2490     13.74    1.2575     16.47
  692    1.0658     28.96    1.2461     16.10    1.2548     14.63
  693    1.0658     37.44    1.2417     18.61    1.2505     12.62
  694    1.0658     45.21    1.2360     21.26    1.2449     10.48
  695    1.0658     52.23    1.2289     24.02    1.2372      8.05
  696    1.0658     58.48    1.2205     26.85    1.2282      5.57
  697    1.0658     63.97    1.2107     29.67    1.2175      2.98
  698    1.0658     68.74    1.1997     32.40    1.2045      0.00
  699    1.0658     72.85    1.1875     34.96    1.1920      0.00
  700    1.0658     76.35    1.1743     37.29    1.1744     -4.79
  701    1.0658     79.26    1.1595     39.02    1.1602     -7.37
  702    1.0658     81.62    1.1438     40.25    1.1466     -8.98
  703    1.0658     83.42    1.1272     40.94    1.1320    -10.28
  704    1.0658     84.65    1.1103     41.17    1.1172    -11.06
  705    1.0658     85.28    1.0935     41.08    1.1025    -11.39
  706    1.0658     85.28    1.0771     40.75    1.0878    -11.31
  707    1.0658     84.58    1.0614     40.25    1.0736    -10.77
  708    1.0658     83.11    1.0466     39.59    1.0598     -9.85
  709    1.0658     80.83    1.0325     38.78    1.0466     -8.60
  710    1.0658     77.74    1.0195     37.84    1.0337     -7.19
  711    1.0658     73.87    1.0073     36.77    1.0212     -5.71
  712    1.0658     69.32    0.9962     35.59    1.0091     -4.15
  713    1.0658     64.20    0.9861     34.28    0.9976     -2.59
  714    1.0658     58.63    0.9771     32.84    0.9868     -1.01
  715    1.0658     52.74    0.9691     31.22    0.9765      0.00
  716    1.0658     46.63    0.9621     29.40    0.9677      0.00
  717    1.0658     40.42    0.9562     27.35    0.9614      0.00
  718    1.0658     34.17    0.9514     25.03    0.9558      0.00
  719    1.0658     27.97    0.9476     22.39    0.9541      0.00
  720    1.0658     21.85    0.9449     19.44    0.9510      0.00
    1    1.0658     15.87    0.9432     16.21    0.9456      0.00
    2    1.0658     10.04    0.9427     12.80    0.9385      0.00
    3    1.0658      4.40    0.9435      9.26    0.9307      0.00
    4    1.0657     -0.64    0.9453      5.60    0.9292      0.00
    5    1.0657     -5.43    0.9478      1.76    0.9234      3.36
    6    1.0655    -10.15    0.9509     -2.27    0.9138      1.93
    7    1.0651    -14.72    0.9545     -6.39    0.9133      2.59
    8    1.0647    -19.12    0.9586    -10.47    0.9113      1.07
    9    1.0642    -23.28    0.9633    -14.37    0.9125     -1.43
   10    1.0636    -27.21    0.9682    -18.18    0.9175     -1.68
   11    1.0630    -30.88    0.9732    -21.84    0.9237     -2.37
   12    1.0624    -34.29    0.9781    -25.38    0.9244      0.00
   13    1.0618    -37.46    0.9830    -28.69    0.9344     -2.98
   14    1.0611    -40.39    0.9882    -31.62    0.9489     -3.51
   15    1.0605    -43.09    0.9938    -34.10    0.9636     -3.65
   16    1.0599    -45.55    0.9998    -36.11    0.9789     -3.36
   17    1.0593    -47.80    1.0064    -37.59    0.9927     -3.58
   18    1.0587    -49.85    1.0137    -38.48    1.0065     -3.64
   19    1.0582    -51.69    1.0217    -38.73    1.0203     -3.56
   20    1.0577    -53.33    1.0304    -38.41    1.0337     -3.45
   21    1.0572    -54.76    1.0396    -37.61    1.0470     -3.18
   22    1.0569    -55.97    1.0492    -36.44    1.0594     -3.02
   23    1.0566    -56.92    1.0589    -34.99    1.0712     -2.81
   24    1.0563    -57.58    1.0687    -33.35    1.0825     -2.58
   25    1.0562    -57.90    1.0784    -31.57    1.0931     -2.32
   26    1.0563    -57.83    1.0879    -29.73    1.1032     -2.00
   27    1.0564    -57.32    1.0972    -27.87    1.1128     -1.65
   28    1.0567    -56.35    1.1062    -26.03    1.1217     -1.30
   29    1.0572    -54.89    1.1148    -24.23    1.1299     -1.02
   30    1.0578    -52.92    1.1230    -22.46    1.1373     -0.83
   31    1.0585    -50.45    1.1307    -20.75    1.1442     -0.64
   32    1.0593    -47.51    1.1380    -19.08    1.1507     -0.44
   33    1.0602    -44.12    1.1447    -17.45    1.1567     -0.24
   34    1.0611    -40.33    1.1507    -15.85    1.1625     -0.04
   35    1.0620    -36.20    1.1562    -14.26    1.1673      0.00
   36    1.0629    -31.78    1.1609    -12.66    1.1719      0.00
   37    1.0637    -27.15    1.1649    -11.03    1.1761      0.00
   38    1.0643    -22.35    1.1680     -9.40    1.1799      0.00
   39    1.0649    -17.46    1.1703     -7.76    1.1833      0.00
   40    1.0653    -12.53    1.1717     -6.07    1.1862      0.00
   41    1.0656     -7.61    1.1723     -4.28    1.1885      0.00
   42    1.0657     -2.75    1.1723     -2.37    1.1902      0.00
   43    1.0658      2.00    1.1716     -0.35    1.1911      0.00
   44    1.0658      6.58    1.1703      1.78    1.1913      0.00
   45    1.0658     10.94    1.1684      4.00    1.1906      0.00
   46    1.0658     15.07    1.1659      6.28    1.1890      0.00
   47    1.0658     18.94    1.1628      8.59    1.1865      0.00
   48    1.0658     22.55    1.1591     10.90    1.1830      0.00
   49    1.0658     25.91    1.1549     13.17    1.1787      0.00
   50    1.0658     29.02    1.1502     15.37    1.1734      0.00
   51    1.0658     31.89    1.1450     17.45    1.1673      0.00
   52    1.0658     34.52    1.1394     19.40    1.1604      0.00
   53    1.0658     36.94    1.1334     21.18    1.1528      0.00
   54    1.0658     39.13    1.1270     22.76    1.1446      0.00
   55    1.0658     41.10    1.1204     24.14    1.1359      0.00
   56    1.0658     42.83    1.1135     25.28    1.1268      0.00
   57    1.0658     44.32    1.1063     26.19    1.1174      0.00
   58    1.0658     45.54    1.0991     26.86    1.1078      0.00
   59    1.0658     46.49    1.0916     27.31    1.0980      0.00
   60    1.0658     47.14    1.0842     27.52    1.0883      0.00
   61    1.0658     47.49    1.0767     27.53    1.0787      0.00
   62    1.0658     47.51    1.0692     27.34    1.0693      0.00
   63    1.0658     47.20    1.0618     26.96    1.0600      0.00
   64    1.0658     46.56    1.0545     26.42    1.0511      0.00
   65    1.0658     45.59    1.0473     25.72    1.0425      0.00
   66    1.0658     44.29    1.0404     24.88    1.0343      0.00
   67    1.0658     42.67    1.0338     23.91    1.0266      0.00
   68    1.0658     40.75    1.0274     22.81    1.0192      0.00
   69    1.0658     38.55    1.0214     21.61    1.0123      0.00
   70    1.0658     36.09    1.0158     20.30    1.0058      0.00
   71    1.0658     33.40    1.0106     18.89    0.9998      0.00
   72    1.0658     30.50    1.0058     17.38    0.9942      0.00
   73    1.0658     27.43    1.0016     15.77    0.9892      0.00
   74    1.0658     24.21    0.9979     14.07    0.9846      0.00
   75    1.0658     20.87    0.9947     12.28    0.9806      0.00
   76    1.0658     17.45    0.9921     10.41    0.9771      0.00
   77    1.0658     13.96    0.9901      8.45    0.9742      0.00
   78    1.0658     10.45    0.9886      6.43    0.9718      0.00
   79    1.0658      6.92    0.9877      4.35    0.9701      0.00
   80    1.0658      3.41    0.9873      2.22    0.9691      0.00
   81    1.0658     -0.06    0.9875      0.06    0.9687      0.00
   82    1.0657     -3.32    0.9882     -2.12    0.9690      0.00
   83    1.0656     -6.47    0.9894     -4.28    0.9700      0.00
   84    1.0655     -9.57    0.9911     -6.43    0.9717      0.00
   85    1.0653    -12.59    0.9933     -8.52    0.9741      0.00
   86    1.0651    -15.49    0.9959    -10.54    0.9772      0.00
   87    1.0648    -18.26    0.9990    -12.47    0.9810      0.00
   88    1.0645    -20.89    1.0024    -14.27    0.9854      0.00
   89    1.0642    -23.36    1.0063    -15.92    0.9905      0.00
   90    1.0639    -25.65    1.0104    -17.41    0.9962      0.00
   91    1.0636    -27.78    1.0149    -18.72    1.0023      0.00
   92    1.0632    -29.71    1.0196    -19.84    1.0089      0.00
   93    1.0629    -31.45    1.0246    -20.77    1.0159      0.00
   94    1.0627    -32.99    1.0298    -21.51    1.0232      0.00
   95    1.0624    -34.33    1.0353    -22.04    1.0307      0.00
   96    1.0622    -35.45    1.0409    -22.39    1.0383      0.00
   97    1.0620    -36.34    1.0467    -22.54    1.0460      0.00
   98    1.0619    -37.02    1.0526    -22.52    1.0537      0.00
   99    1.0618    -37.45    1.0585    -22.33    1.0613      0.00
  100    1.0617    -37.65    1.0645    -21.97    1.0687      0.00
  101    1.0617    -37.61    1.0705    -21.48    1.0760      0.00
  102    1.0618    -37.33    1.0764    -20.86    1.0831      0.00
  103    1.0619    -36.80    1.0822    -20.12    1.0899      0.00
  104    1.0621    -36.02    1.0879    -19.27    1.0964      0.00
  105    1.0623    -35.00    1.0934    -18.35    1.1026      0.00
  106    1.0625    -33.75    1.0987    -17.34    1.1085      0.00
  107    1.0628    -32.26    1.1037    -16.27    1.1140      0.00
  108    1.0631    -30.55    1.1084    -15.14    1.1192      0.00
  109    1.0634    -28.63    1.1128    -13.97    1.1239      0.00
  110    1.0638    -26.52    1.1168    -12.75    1.1283      0.00
  111    1.0641    -24.22    1.1205    -11.49    1.1323      0.00
  112    1.0644    -21.77    1.1238    -10.20    1.1358      0.00
  113    1.0647    -19.17    1.1266     -8.87    1.1390      0.00
  114    1.0650    -16.46    1.1291     -7.52    1.1416      0.00
  115    1.0652    -13.65    1.1310     -6.14    1.1439      0.00
  116    1.0654    -10.78    1.1326     -4.75    1.1456      0.00
  117    1.0656     -7.85    1.1336     -3.33    1.1469      0.00
  118    1.0657     -4.90    1.1342     -1.90    1.1478      0.00
  119    1.0657     -1.95    1.1344     -0.46    1.1481      0.00
  120    1.0658      0.98    1.1341      0.98    1.1479      0.00
  121    1.0658      3.86    1.1334      2.42    1.1472      0.00
  122    1.0658      6.65    1.1322      3.85    1.1461      0.00
  123    1.0658      9.36    1.1306      5.26    1.1444      0.00
  124    1.0658     11.96    1.1286      6.64    1.1422      0.00
  125    1.0658     14.43    1.1262      7.98    1.1396      0.00
  126    1.0658     16.76    1.1234      9.28    1.1364      0.00
  127    1.0658     18.95    1.1203     10.53    1.1329      0.00
  128    1.0658     20.99    1.1169     11.70    1.1289      0.00
  129    1.0658     22.86    1.1131     12.80    1.1245      0.00
  130    1.0658     24.55    1.1091     13.81    1.1198      0.00
  131    1.0658     26.06    1.1049     14.72    1.1147      0.00
  132    1.0658     27.39    1.1005     15.53    1.1094      0.00
  133    1.0658     28.53    1.0959     16.23    1.1038      0.00
  134    1.0658     29.46    1.0912     16.81    1.0980      0.00
  135    1.0658     30.20    1.0864     17.27    1.0920      0.00
  136    1.0658     30.74    1.0815     17.60    1.0860      0.00
  137    1.0658     31.06    1.0765     17.82    1.0799      0.00
  138    1.0658     31.19    1.0716     17.90    1.0737      0.00
  139    1.0658     31.11    1.0667     17.87    1.0676      0.00
  140    1.0658     30.82    1.0618     17.71    1.0616      0.00
  141    1.0658     30.34    1.0571     17.43    1.0557      0.00
  142    1.0658     29.66    1.0524     17.04    1.0500      0.00
  143    1.0658     28.79    1.0479     16.54    1.0444      0.00
  144    1.0658     27.73    1.0436     15.94    1.0391      0.00
  145    1.0658     26.51    1.0394     15.23    1.0340      0.00
  146    1.0658     25.12    1.0355     14.43    1.0292      0.00
  147    1.0658     23.57    1.0319     13.54    1.0247      0.00
  148    1.0658     21.89    1.0285     12.57    1.0205      0.00
  149    1.0658     20.08    1.0254     11.53    1.0167      0.00
  150    1.0658     18.15    1.0226     10.41    1.0132      0.00
  151    1.0658     16.13    1.0201      9.24    1.0101      0.00
  152    1.0658     14.02    1.0180      8.00    1.0074      0.00
  153    1.0658     11.85    1.0162      6.72    1.0051      0.00
  154    1.0658      9.62    1.0148      5.41    1.0032      0.00
  155    1.0658      7.35    1.0137      4.06    1.0018      0.00
  156    1.0658      5.06    1.0130      2.68    1.0008      0.00
  157    1.0658      2.76    1.0127      1.30    1.0002      0.00
  158    1.0658      0.47    1.0127     -0.09    1.0001      0.00
  159    1.0657     -1.73    1.0131     -1.47    1.0005      0.00
  160    1.0657     -3.87    1.0138     -2.84    1.0013      0.00
  161    1.0656     -5.99    1.0148     -4.18    1.0025      0.00
  162    1.0656     -8.06    1.0162     -5.48    1.0041      0.00
  163    1.0655    -10.06    1.0179     -6.74    1.0062      0.00
  164    1.0653    -11.97    1.0199     -7.93    1.0087      0.00
  165    1.0652    -13.79    1.0222     -9.05    1.0116      0.00
  166    1.0651    -15.50    1.0248    -10.10    1.0148      0.00
  167    1.0649    -17.09    1.0275    -11.05    1.0184      0.00
  168    1.0648    -18.57    1.0305    -11.91    1.0223      0.00
  169    1.0646    -19.91    1.0337    -12.66    1.0265      0.00
  170    1.0645    -21.11    1.0371    -13.31    1.0309      0.00
  171    1.0644    -22.18    1.0407    -13.84    1.0355      0.00
  172    1.0642    -23.09    1.0444    -14.27    1.0403      0.00
  173    1.0641    -23.85    1.0482    -14.58    1.0452      0.00
  174    1.0640    -24.46    1.0521    -14.79    1.0502      0.00
  175    1.0640    -24.91    1.0560    -14.88    1.0552      0.00
  176    1.0639    -25.19    1.0600    -14.87    1.0602      0.00
  177    1.0639    -25.32    1.0640    -14.75    1.0652      0.00
  178    1.0639    -25.28    1.0680    -14.54    1.0702      0.00
  179    1.0640    -25.08    1.0720    -14.23    1.0750      0.00
  180    1.0640    -24.72    1.0759    -13.84    1.0797      0.00
  181    1.0641    -24.19    1.0797    -13.36    1.0843      0.00
  182    1.0642    -23.52    1.0834    -12.81    1.0887      0.00
  183    1.0643    -22.68    1.0869    -12.20    1.0928      0.00
  184    1.0644    -21.71    1.0903    -11.52    1.0968      0.00
  185    1.0645    -20.59    1.0935    -10.78    1.1005      0.00
  186    1.0647    -19.34    1.0965    -10.00    1.1039      0.00
  187    1.0648    -17.97    1.0993     -9.17    1.1071      0.00
  188    1.0650    -16.48    1.1018     -8.30    1.1100      0.00
  189    1.0651    -14.89    1.1040     -7.40    1.1125      0.00
  190    1.0653    -13.21    1.1060     -6.47    1.1148      0.00
  191    1.0654    -11.45    1.1078     -5.52    1.1168      0.00
  192    1.0655     -9.62    1.1092     -4.55    1.1184      0.00
  193    1.0656     -7.75    1.1103     -3.56    1.1197      0.00
  194    1.0657     -5.83    1.1111     -2.56    1.1206      0.00
  195    1.0657     -3.89    1.1116     -1.55    1.1212      0.00
  196    1.0657     -1.94    1.1119     -0.54    1.1215      0.00
  197    1.0658      0.00    1.1118      0.46    1.1214      0.00
  198    1.0658      1.93    1.1114      1.46    1.1210      0.00
  199    1.0658      3.81    1.1107      2.44    1.1202      0.00
  200    1.0658      5.65    1.1097      3.41    1.1191      0.00
  201    1.0658      7.42    1.1085      4.36    1.1177      0.00
  202    1.0658      9.12    1.1069      5.27    1.1160      0.00
  203    1.0658     10.74    1.1052      6.15    1.1139      0.00
  204    1.0658     12.26    1.1031      6.99    1.1116      0.00
  205    1.0658     13.69    1.1009      7.79    1.1090      0.00
  206    1.0658     15.01    1.0984      8.53    1.1061      0.00
  207    1.0658     16.21    1.0958      9.22    1.1029      0.00
  208    1.0658     17.29    1.0930      9.85    1.0996      0.00
  209    1.0658     18.24    1.0901     10.41    1.0961      0.00
  210    1.0658     19.07    1.0870     10.89    1.0924      0.00
  211    1.0658     19.76    1.0838     11.30    1.0885      0.00
  212    1.0658     20.32    1.0806     11.64    1.0845      0.00
  213    1.0658     20.73    1.0773     11.89    1.0805      0.00
  214    1.0658     21.01    1.0739     12.06    1.0764      0.00
  215    1.0658     21.15    1.0706     12.15    1.0722      0.00
  216    1.0658     21.15    1.0672     12.16    1.0681      0.00
  217    1.0658     21.01    1.0639     12.08    1.0640      0.00
  218    1.0658     20.74    1.0607     11.93    1.0599      0.00
  219    1.0658     20.34    1.0575     11.69    1.0560      0.00
  220    1.0658     19.80    1.0544     11.38    1.0521      0.00
  221    1.0658     19.15    1.0514     11.00    1.0484      0.00
  222    1.0658     18.37    1.0485     10.54    1.0449      0.00
  223    1.0658     17.48    1.0458     10.02    1.0415      0.00
  224    1.0658     16.49    1.0432      9.44    1.0383      0.00
  225    1.0658     15.40    1.0408      8.80    1.0354      0.00
  226    1.0658     14.22    1.0386      8.10    1.0326      0.00
  227    1.0658     12.96    1.0366      7.36    1.0301      0.00
  228    1.0658     11.62    1.0348      6.57    1.0279      0.00
  229    1.0658     10.22    1.0333      5.74    1.0260      0.00
  230    1.0658      8.77    1.0320      4.89    1.0243      0.00
  231    1.0658      7.28    1.0309      4.00    1.0229      0.00
  232    1.0658      5.75    1.0300      3.10    1.0218      0.00
  233    1.0658      4.21    1.0294      2.18    1.0210      0.00
  234    1.0658      2.65    1.0291      1.25    1.0206      0.00
  235    1.0658      1.08    1.0290      0.32    1.0204      0.00
  236    1.0657     -0.44    1.0291     -0.61    1.0205      0.00
  237    1.0657     -1.94    1.0295     -1.53    1.0209      0.00
  238    1.0657     -3.42    1.0301     -2.43    1.0216      0.00
  239    1.0657     -4.87    1.0309     -3.31    1.0226      0.00
  240    1.0656     -6.28    1.0320     -4.16    1.0239      0.00
  241    1.0656     -7.63    1.0333     -4.97    1.0255      0.00
  242    1.0655     -8.92    1.0347     -5.74    1.0274      0.00
  243    1.0655    -10.14    1.0364     -6.46    1.0294      0.00
  244    1.0654    -11.28    1.0382     -7.13    1.0318      0.00
  245    1.0653    -12.34    1.0402     -7.74    1.0343      0.00
  246    1.0652    -13.32    1.0424     -8.29    1.0370      0.00
  247    1.0652    -14.19    1.0447     -8.77    1.0399      0.00
  248    1.0651    -14.98    1.0471     -9.19    1.0430      0.00
  249    1.0651    -15.65    1.0496     -9.53    1.0462      0.00
  250    1.0650    -16.23    1.0522     -9.80    1.0494      0.00
  251    1.0650    -16.70    1.0548    -10.01    1.0528      0.00
  252    1.0649    -17.05    1.0576    -10.13    1.0562      0.00
  253    1.0649    -17.30    1.0603    -10.19    1.0597      0.00
  254    1.0649    -17.43    1.0631    -10.18    1.0631      0.00
  255    1.0649    -17.45    1.0658    -10.09    1.0665      0.00
  256    1.0649    -17.36    1.0686     -9.95    1.0699      0.00
  257    1.0649    -17.16    1.0713     -9.74    1.0732      0.00
  258    1.0649    -16.85    1.0739     -9.46    1.0765      0.00
  259    1.0650    -16.43    1.0765     -9.14    1.0796      0.00
  260    1.0650    -15.90    1.0790     -8.76    1.0826      0.00
  261    1.0651    -15.28    1.0814     -8.33    1.0854      0.00
  262    1.0651    -14.55    1.0837     -7.85    1.0881      0.00
  263    1.0652    -13.74    1.0858     -7.34    1.0906      0.00
  264    1.0653    -12.84    1.0878     -6.79    1.0930      0.00
  265    1.0653    -11.86    1.0896     -6.20    1.0951      0.00
  266    1.0654    -10.81    1.0913     -5.59    1.0971      0.00
  267    1.0655     -9.70    1.0927     -4.95    1.0988      0.00
  268    1.0655     -8.52    1.0940     -4.29    1.1003      0.00
  269    1.0656     -7.30    1.0951     -3.61    1.1016      0.00
  270    1.0656     -6.04    1.0960     -2.91    1.1026      0.00
  271    1.0657     -4.75    1.0967     -2.21    1.1034      0.00
  272    1.0657     -3.43    1.0972     -1.50    1.1040      0.00
  273    1.0657     -2.11    1.0975     -0.79    1.1043      0.00
  274    1.0657     -0.78    1.0975     -0.08    1.1044      0.00
  275    1.0658      0.55    1.0974      0.63    1.1042      0.00
  276    1.0658      1.85    1.0970      1.33    1.1038      0.00
  277    1.0658      3.13    1.0965      2.01    1.1032      0.00
  278    1.0658      4.38    1.0957      2.68    1.1023      0.00
  279    1.0658      5.58    1.0948      3.34    1.1012      0.00
  280    1.0658      6.73    1.0937      3.96    1.0999      0.00
  281    1.0658      7.82    1.0924      4.56    1.0984      0.00
  282    1.0658      8.85    1.0909      5.13    1.0966      0.00
  283    1.0658      9.81    1.0893      5.67    1.0947      0.00
  284    1.0658     10.70    1.0876      6.17    1.0927      0.00
  285    1.0658     11.50    1.0857      6.62    1.0904      0.00
  286    1.0658     12.22    1.0837      7.03    1.0881      0.00
  287    1.0658     12.85    1.0817      7.39    1.0856      0.00
  288    1.0658     13.40    1.0795      7.70    1.0830      0.00
  289    1.0658     13.84    1.0773      7.96    1.0803      0.00
  290    1.0658     14.20    1.0750      8.17    1.0775      0.00
  291    1.0658     14.46    1.0727      8.32    1.0747      0.00
  292    1.0658     14.62    1.0704      8.41    1.0718      0.00
  293    1.0658     14.69    1.0681      8.45    1.0689      0.00
  294    1.0658     14.66    1.0658      8.43    1.0661      0.00
  295    1.0658     14.53    1.0635      8.36    1.0632      0.00
  296    1.0658     14.32    1.0612      8.22    1.0604      0.00
  297    1.0658     14.01    1.0590      8.04    1.0577      0.00
  298    1.0658     13.61    1.0569      7.80    1.0551      0.00
  299    1.0658     13.13    1.0548      7.52    1.0525      0.00
  300    1.0658     12.57    1.0529      7.18    1.0501      0.00
  301    1.0658     11.93    1.0510      6.81    1.0478      0.00
  302    1.0658     11.23    1.0493      6.39    1.0456      0.00
  303    1.0658     10.45    1.0476      5.93    1.0436      0.00
  304    1.0658      9.62    1.0462      5.43    1.0418      0.00
  305    1.0658      8.72    1.0448      4.90    1.0401      0.00
  306    1.0658      7.79    1.0436      4.35    1.0386      0.00
  307    1.0658      6.81    1.0426      3.77    1.0373      0.00
  308    1.0658      5.79    1.0417      3.17    1.0362      0.00
  309    1.0658      4.75    1.0410      2.55    1.0354      0.00
  310    1.0658      3.68    1.0405      1.93    1.0347      0.00
  311    1.0658      2.60    1.0401      1.29    1.0342      0.00
  312    1.0658      1.51    1.0399      0.65    1.0339      0.00
  313    1.0658      0.43    1.0399      0.01    1.0339      0.00
  314    1.0657     -0.64    1.0400     -0.63    1.0340      0.00
  315    1.0657     -1.68    1.0403     -1.26    1.0344      0.00
  316    1.0657     -2.71    1.0408     -1.87    1.0350      0.00
  317    1.0657     -3.72    1.0415     -2.47    1.0357      0.00
  318    1.0657     -4.69    1.0422     -3.05    1.0367      0.00
  319    1.0657     -5.63    1.0432     -3.60    1.0379      0.00
  320    1.0656     -6.52    1.0443     -4.12    1.0392      0.00
  321    1.0656     -7.36    1.0455     -4.61    1.0407      0.00
  322    1.0656     -8.14    1.0468     -5.06    1.0423      0.00
  323    1.0655     -8.87    1.0482     -5.47    1.0441      0.00
  324    1.0655     -9.53    1.0498     -5.84    1.0461      0.00
  325    1.0655    -10.13    1.0514     -6.16    1.0481      0.00
  326    1.0654    -10.66    1.0531     -6.44    1.0503      0.00
  327    1.0654    -11.11    1.0549     -6.68    1.0525      0.00
  328    1.0654    -11.49    1.0567     -6.86    1.0548      0.00
  329    1.0654    -11.79    1.0586     -6.99    1.0572      0.00
  330    1.0653    -12.02    1.0605     -7.08    1.0596      0.00
  331    1.0653    -12.17    1.0624     -7.12    1.0620      0.00
  332    1.0653    -12.23    1.0644     -7.11    1.0644      0.00
  333    1.0653    -12.22    1.0663     -7.05    1.0667      0.00
  334    1.0653    -12.13    1.0682     -6.94    1.0691      0.00
  335    1.0653    -11.97    1.0701     -6.80    1.0714      0.00
  336    1.0654    -11.72    1.0720     -6.61    1.0737      0.00
  337    1.0654    -11.41    1.0738     -6.38    1.0758      0.00
  338    1.0654    -11.02    1.0755     -6.11    1.0779      0.00
  339    1.0654    -10.56    1.0771     -5.81    1.0799      0.00
  340    1.0655    -10.03    1.0787     -5.47    1.0818      0.00
  341    1.0655     -9.45    1.0802     -5.11    1.0836      0.00
  342    1.0655     -8.80    1.0815     -4.72    1.0852      0.00
  343    1.0656     -8.10    1.0828     -4.30    1.0867      0.00
  344    1.0656     -7.36    1.0839     -3.87    1.0880      0.00
  345    1.0656     -6.57    1.0849     -3.41    1.0892      0.00
  346    1.0657     -5.74    1.0858     -2.94    1.0902      0.00
  347    1.0657     -4.88    1.0865     -2.46    1.0911      0.00
  348    1.0657     -4.00    1.0871     -1.96    1.0918      0.00
  349    1.0657     -3.09    1.0875     -1.46    1.0923      0.00
  350    1.0657     -2.17    1.0878     -0.95    1.0927      0.00
  351    1.0657     -1.25    1.0880     -0.45    1.0929      0.00
  352    1.0657     -0.32    1.0880      0.06    1.0929      0.00
  353    1.0658      0.60    1.0879      0.56    1.0927      0.00
  354    1.0658      1.51    1.0876      1.06    1.0924      0.00
  355    1.0658      2.39    1.0872      1.54    1.0919      0.00
  356    1.0658      3.26    1.0866      2.02    1.0913      0.00
  357    1.0658      4.09    1.0859      2.47    1.0904      0.00
  358    1.0658      4.89    1.0851      2.91    1.0895      0.00
  359    1.0658      5.64    1.0842      3.33    1.0884      0.00
  360    1.0658      6.36    1.0832      3.73    1.0871      0.00
