  360    0.9900   -15.36    1.0376    -9.85    1.0429     0.00
  361    0.9900   -16.58    1.0344   -10.27    1.0405     0.00
  362    0.9900   -17.71    1.0309   -10.67    1.0383     0.00
  363    0.9900   -18.71    1.0272   -11.05    1.0360     0.00
  364    0.9900   -19.57    1.0232   -11.42    1.0336     0.00
  365    0.9900   -20.29    1.0191   -11.78    1.0311     0.00
  366    0.9900   -20.86    1.0150   -12.14    1.0285     0.00
  367    0.9900   -21.28    1.0107   -12.50    1.0257     0.00
  368    0.9900   -21.54    1.0065   -12.86    1.0227     0.00
  369    0.9900   -21.66    1.0023   -13.23    1.0195     0.00
  370    0.9900   -21.63    0.9982   -13.59    1.0161     0.00
  371    0.9900   -21.47    0.9943   -13.95    1.0125     0.00
  372    0.9900   -21.20    0.9905   -14.29    1.0086     0.00
  373    0.9900   -20.82    0.9868   -14.61    1.0045     0.00
  374    0.9900   -20.35    0.9835   -14.90    1.0002     0.00
  375    0.9900   -19.81    0.9803   -15.14    0.9957     0.00
  376    0.9900   -19.21    0.9774   -15.33    0.9910     0.00
  377    0.9900   -18.58    0.9747   -15.46    0.9862     0.00
  378    0.9900   -17.93    0.9722   -15.51    0.9812     0.00
  379    0.9900   -17.27    0.9700   -15.48    0.9761     0.00
  380    0.9900   -16.61    0.9680   -15.37    0.9709     0.00
  381    0.9900   -15.96    0.9661   -15.16    0.9657     0.00
  382    0.9900   -15.33    0.9645   -14.85    0.9604     0.00
  383    0.9900   -14.72    0.9631   -14.46    0.9552     0.00
  384    0.9900   -14.13    0.9618   -13.97    0.9501     0.00
  385    0.9900   -13.56    0.9606   -13.40    0.9450     0.00
  386    0.9900   -13.00    0.9595   -12.74    0.9402     0.00
  387    0.9900   -12.46    0.9584   -12.02    0.9355     0.00
  388    0.9900   -11.91    0.9574   -11.23    0.9311     0.00
  389    0.9900   -11.35    0.9564   -10.39    0.9270     0.00
  390    0.9900   -10.77    0.9554    -9.51    0.9233     0.00
  391    0.9900   -10.17    0.9544    -8.59    0.9199     0.00
  392    0.9900    -9.54    0.9532    -7.65    0.9170     0.00
  393    0.9900    -8.87    0.9521    -6.69    0.9146     0.00
  394    0.9900    -8.15    0.9508    -5.73    0.9126     0.00
  395    0.9900    -7.39    0.9495    -4.76    0.9112     0.00
  396    0.9900    -6.58    0.9482    -3.80    0.9102     0.00
  397    0.9900    -5.71    0.9468    -2.84    0.9098     0.00
  398    0.9900    -4.80    0.9454    -1.90    0.9098     0.00
  399    0.9900    -3.83    0.9440    -0.97    0.9103     0.00
  400    0.9900    -2.82    0.9427    -0.05    0.9113     0.00
  401    0.9900    -1.76    0.9414     0.85    0.9126     0.00
  402    0.9900    -0.65    0.9403     1.73    0.9142     0.00
  403    0.9900     0.49    0.9394     2.59    0.9161     0.00
  404    0.9900     1.66    0.9387     3.42    0.9182     0.00
  405    0.9900     2.86    0.9382     4.23    0.9204     0.00
  406    0.9899     4.07    0.9380     5.01    0.9227     0.00
  407    0.9898     5.30    0.9381     5.75    0.9251     0.00
  408    0.9898     6.53    0.9385     6.47    0.9275     0.00
  409    0.9897     7.76    0.9393     7.15    0.9299     0.00
  410    0.9895     8.97    0.9404     7.79    0.9322     0.00
  411    0.9894    10.17    0.9419     8.39    0.9345     0.00
  412    0.9893    11.34    0.9437     8.96    0.9368     0.00
  413    0.9891    12.47    0.9459     9.49    0.9390     0.00
  414    0.9889    13.55    0.9483     9.98    0.9412     0.00
  415    0.9888    14.57    0.9511    10.44    0.9435     0.00
  416    0.9886    15.53    0.9540    10.87    0.9458     0.00
  417    0.9884    16.41    0.9572    11.27    0.9481     0.00
  418    0.9883    17.21    0.9606    11.64    0.9506     0.00
  419    0.9881    17.91    0.9641    11.99    0.9533     0.00
  420    0.9880    18.52    0.9676    12.32    0.9561     0.00
  421    0.9879    19.02    0.9712    12.63    0.9591     0.00
  422    0.9878    19.41    0.9748    12.93    0.9623     0.00
  423    0.9878    19.69    0.9783    13.21    0.9657     0.00
  424    0.9877    19.85    0.9817    13.47    0.9693     0.00
  425    0.9877    19.91    0.9851    13.72    0.9732     0.00
  426    0.9877    19.86    0.9883    13.94    0.9773     0.00
  427    0.9878    19.72    0.9914    14.14    0.9816     0.00
  428    0.9878    19.48    0.9943    14.29    0.9861     0.00
  429    0.9879    19.15    0.9971    14.41    0.9907     0.00
  430    0.9880    18.76    0.9998    14.48    0.9955     0.00
  431    0.9881    18.31    1.0022    14.49    1.0005     0.00
  432    0.9882    17.81    1.0046    14.45    1.0055     0.00
  433    0.9883    17.27    1.0068    14.33    1.0105     0.00
  434    0.9884    16.72    1.0088    14.15    1.0156     0.00
  435    0.9885    16.15    1.0108    13.89    1.0206     0.00
  436    0.9886    15.57    1.0126    13.55    1.0256     0.00
  437    0.9887    15.00    1.0144    13.14    1.0304     0.00
  438    0.9888    14.43    1.0160    12.65    1.0352     0.00
  439    0.9889    13.86    1.0176    12.09    1.0397     0.00
  440    0.9890    13.30    1.0192    11.46    1.0440     0.00
  441    0.9891    12.73    1.0208    10.77    1.0481     0.00
  442    0.9891    12.15    1.0223    10.02    1.0518     0.00
  443    0.9892    11.57    1.0238     9.23    1.0552     0.00
  444    0.9893    10.96    1.0253     8.39    1.0583     0.00
  445    0.9894    10.32    1.0269     7.53    1.0610     0.00
  446    0.9895     9.65    1.0284     6.64    1.0632     0.00
  447    0.9895     8.94    1.0300     5.74    1.0651     0.00
  448    0.9896     8.18    1.0316     4.83    1.0665     0.00
  449    0.9897     7.37    1.0331     3.92    1.0675     0.00
  450    0.9898     6.49    1.0347     3.03    1.0680     0.00
  451    0.9898     5.56    1.0362     2.14    1.0682     0.00
  452    0.9899     4.57    1.0376     1.27    1.0680     0.00
  453    0.9899     3.51    1.0389     0.42    1.0674     0.00
  454    0.9900     2.39    1.0400    -0.40    1.0665     0.00
  455    0.9900     1.22    1.0410    -1.20    1.0653     0.00
  456    0.9900     0.00    1.0418    -1.96    1.0639     0.00
  457    0.9900    -1.26    1.0424    -2.70    1.0623     0.00
  458    0.9900    -2.55    1.0427    -3.41    1.0605     0.00
  459    0.9900    -3.86    1.0427    -4.10    1.0586     0.00
  460    0.9900    -5.18    1.0424    -4.75    1.0566     0.00
  461    0.9900    -6.50    1.0418    -5.37    1.0545     0.00
  462    0.9900    -7.80    1.0408    -5.97    1.0524     0.00
  463    0.9900    -9.08    1.0395    -6.55    1.0503     0.00
  464    0.9900   -10.32    1.0379    -7.10    1.0481     0.00
  465    0.9900   -11.51    1.0360    -7.63    1.0460     0.00
  466    0.9900   -12.63    1.0338    -8.15    1.0438     0.00
  467    0.9900   -13.68    1.0313    -8.64    1.0417     0.00
  468    0.9900   -14.65    1.0285    -9.13    1.0394     0.00
  469    0.9900   -15.52    1.0256    -9.60    1.0372     0.00
  470    0.9900   -16.30    1.0224   -10.05    1.0348     0.00
  471    0.9900   -16.97    1.0192   -10.49    1.0324     0.00
  472    0.9900   -17.54    1.0158   -10.91    1.0298     0.00
  473    0.9900   -17.99    1.0123   -11.33    1.0271     0.00
  474    0.9900   -18.34    1.0089   -11.72    1.0243     0.00
  475    0.9900   -18.59    1.0054   -12.10    1.0212     0.00
  476    0.9900   -18.73    1.0020   -12.45    1.0180     0.00
  477    0.9900   -18.77    0.9987   -12.79    1.0146     0.00
  478    0.9900   -18.72    0.9955   -13.09    1.0109     0.00
  479    0.9900   -18.59    0.9924   -13.37    1.0071     0.00
  480    0.9900   -18.39    0.9894   -13.61    1.0031     0.00
  481    0.9900   -18.12    0.9866   -13.80    0.9989     0.00
  482    0.9900   -17.80    0.9839   -13.95    0.9945     0.00
  483    0.9900   -17.43    0.9814   -14.04    0.9900     0.00
  484    0.9900   -17.03    0.9790   -14.08    0.9854     0.00
  485    0.9900   -16.60    0.9768   -14.05    0.9807     0.00
  486    0.9900   -16.14    0.9747   -13.96    0.9760     0.00
  487    0.9900   -15.68    0.9728   -13.80    0.9713     0.00
  488    0.9900   -15.20    0.9710   -13.57    0.9666     0.00
  489    0.9900   -14.71    0.9693   -13.27    0.9619     0.00
  490    0.9900   -14.22    0.9677   -12.90    0.9573     0.00
  491    0.9900   -13.72    0.9662   -12.46    0.9529     0.00
  492    0.9900   -13.21    0.9647   -11.95    0.9486     0.00
  493    0.9900   -12.70    0.9633   -11.39    0.9446     0.00
  494    0.9900   -12.18    0.9619   -10.77    0.9407     0.00
  495    0.9900   -11.64    0.9606   -10.10    0.9371     0.00
  496    0.9900   -11.08    0.9592    -9.38    0.9338     0.00
  497    0.9900   -10.49    0.9578    -8.63    0.9309     0.00
  498    0.9900    -9.88    0.9565    -7.85    0.9282     0.00
  499    0.9900    -9.23    0.9551    -7.05    0.9259     0.00
  500    0.9900    -8.54    0.9538    -6.22    0.9239     0.00
  501    0.9900    -7.81    0.9524    -5.39    0.9224     0.00
  502    0.9900    -7.04    0.9511    -4.56    0.9211     0.00
  503    0.9900    -6.22    0.9498    -3.72    0.9203     0.00
  504    0.9900    -5.36    0.9485    -2.88    0.9198     0.00
  505    0.9900    -4.46    0.9474    -2.05    0.9196     0.00
  506    0.9900    -3.51    0.9463    -1.24    0.9198     0.00
  507    0.9900    -2.52    0.9453    -0.43    0.9202     0.00
  508    0.9900    -1.49    0.9444     0.36    0.9209     0.00
  509    0.9900    -0.43    0.9437     1.14    0.9219     0.00
  510    0.9900     0.65    0.9432     1.89    0.9230     0.00
  511    0.9900     1.75    0.9429     2.63    0.9244     0.00
  512    0.9900     2.87    0.9428     3.35    0.9258     0.00
  513    0.9899     3.98    0.9429     4.05    0.9274     0.00
  514    0.9898     5.10    0.9433     4.73    0.9291     0.00
  515    0.9898     6.20    0.9440     5.39    0.9309     0.00
  516    0.9897     7.29    0.9449     6.02    0.9327     0.00
  517    0.9896     8.36    0.9461     6.63    0.9345     0.00
  518    0.9895     9.39    0.9476     7.22    0.9365     0.00
  519    0.9894    10.39    0.9493     7.79    0.9384     0.00
  520    0.9893    11.34    0.9513     8.33    0.9404     0.00
  521    0.9891    12.24    0.9535     8.84    0.9425     0.00
  522    0.9890    13.09    0.9559     9.34    0.9447     0.00
  523    0.9889    13.87    0.9584     9.80    0.9470     0.00
  524    0.9888    14.58    0.9611    10.24    0.9494     0.00
  525    0.9887    15.22    0.9639    10.66    0.9519     0.00
  526    0.9886    15.79    0.9667    11.05    0.9546     0.00
  527    0.9885    16.28    0.9696    11.41    0.9574     0.00
  528    0.9884    16.69    0.9726    11.75    0.9604     0.00
  529    0.9883    17.01    0.9755    12.06    0.9636     0.00
  530    0.9883    17.26    0.9784    12.34    0.9670     0.00
  531    0.9882    17.42    0.9812    12.59    0.9706     0.00
  532    0.9882    17.51    0.9840    12.81    0.9744     0.00
  533    0.9882    17.52    0.9867    13.00    0.9784     0.00
  534    0.9882    17.46    0.9893    13.15    0.9825     0.00
  535    0.9883    17.33    0.9918    13.25    0.9868     0.00
  536    0.9883    17.15    0.9942    13.31    0.9912     0.00
  537    0.9883    16.91    0.9966    13.32    0.9957     0.00
  538    0.9884    16.63    0.9988    13.29    1.0003     0.00
  539    0.9885    16.30    1.0009    13.19    1.0049     0.00
  540    0.9885    15.94    1.0030    13.04    1.0094     0.00
  541    0.9886    15.56    1.0050    12.83    1.0140     0.00
  542    0.9887    15.15    1.0069    12.56    1.0184     0.00
  543    0.9887    14.72    1.0088    12.23    1.0227     0.00
  544    0.9888    14.27    1.0106    11.83    1.0269     0.00
  545    0.9889    13.80    1.0124    11.38    1.0309     0.00
  546    0.9890    13.32    1.0142    10.87    1.0348     0.00
  547    0.9890    12.82    1.0160    10.31    1.0384     0.00
  548    0.9891    12.30    1.0177     9.70    1.0417     0.00
  549    0.9892    11.76    1.0195     9.05    1.0448     0.00
  550    0.9893    11.19    1.0212     8.35    1.0476     0.00
  551    0.9894    10.59    1.0229     7.63    1.0501     0.00
  552    0.9894     9.96    1.0246     6.89    1.0523     0.00
  553    0.9895     9.28    1.0262     6.12    1.0542     0.00
  554    0.9896     8.56    1.0278     5.35    1.0558     0.00
  555    0.9896     7.79    1.0294     4.57    1.0570     0.00
  556    0.9897     6.97    1.0308     3.79    1.0579     0.00
  557    0.9898     6.10    1.0322     3.02    1.0586     0.00
  558    0.9898     5.18    1.0335     2.26    1.0589     0.00
  559    0.9899     4.20    1.0347     1.51    1.0590     0.00
  560    0.9899     3.17    1.0357     0.77    1.0588     0.00
  561    0.9900     2.09    1.0365     0.05    1.0583     0.00
  562    0.9900     0.98    1.0372    -0.65    1.0577     0.00
  563    0.9900    -0.17    1.0377    -1.33    1.0568     0.00
  564    0.9900    -1.35    1.0379    -2.00    1.0558     0.00
  565    0.9900    -2.54    1.0379    -2.64    1.0546     0.00
  566    0.9900    -3.73    1.0377    -3.27    1.0533     0.00
  567    0.9900    -4.91    1.0372    -3.88    1.0519     0.00
  568    0.9900    -6.07    1.0364    -4.47    1.0504     0.00
  569    0.9900    -7.21    1.0354    -5.05    1.0488     0.00
  570    0.9900    -8.31    1.0341    -5.61    1.0471     0.00
  571    0.9900    -9.37    1.0326    -6.17    1.0454     0.00
  572    0.9900   -10.37    1.0308    -6.71    1.0436     0.00
  573    0.9900   -11.31    1.0288    -7.24    1.0417     0.00
  574    0.9900   -12.19    1.0265    -7.75    1.0397     0.00
  575    0.9900   -12.99    1.0241    -8.26    1.0376     0.00
  576    0.9900   -13.72    1.0216    -8.75    1.0354     0.00
  577    0.9900   -14.36    1.0189    -9.22    1.0332     0.00
  578    0.9900   -14.93    1.0161    -9.68    1.0307     0.00
  579    0.9900   -15.41    1.0133   -10.11    1.0282     0.00
  580    0.9900   -15.81    1.0104   -10.53    1.0255     0.00
  581    0.9900   -16.13    1.0075   -10.92    1.0226     0.00
  582    0.9900   -16.37    1.0047   -11.28    1.0196     0.00
  583    0.9900   -16.53    1.0019   -11.61    1.0164     0.00
  584    0.9900   -16.63    0.9991   -11.92    1.0130     0.00
  585    0.9900   -16.65    0.9964   -12.18    1.0094     0.00
  586    0.9900   -16.62    0.9938   -12.41    1.0057     0.00
  587    0.9900   -16.52    0.9912   -12.60    1.0018     0.00
  588    0.9900   -16.38    0.9888   -12.75    0.9977     0.00
  589    0.9900   -16.19    0.9865   -12.84    0.9936     0.00
  590    0.9900   -15.96    0.9842   -12.89    0.9894     0.00
  591    0.9900   -15.69    0.9821   -12.88    0.9851     0.00
  592    0.9900   -15.40    0.9801   -12.82    0.9808     0.00
  593    0.9900   -15.08    0.9781   -12.71    0.9764     0.00
  594    0.9900   -14.73    0.9762   -12.53    0.9722     0.00
  595    0.9900   -14.36    0.9744   -12.30    0.9679     0.00
  596    0.9900   -13.97    0.9727   -12.01    0.9638     0.00
  597    0.9900   -13.57    0.9710   -11.66    0.9598     0.00
  598    0.9900   -13.14    0.9694   -11.26    0.9560     0.00
  599    0.9900   -12.69    0.9677   -10.81    0.9523     0.00
  600    0.9900   -12.23    0.9662   -10.31    0.9488     0.00
  601    0.9900   -11.74    0.9646    -9.76    0.9456     0.00
  602    0.9900   -11.22    0.9631    -9.17    0.9426     0.00
  603    0.9900   -10.67    0.9615    -8.55    0.9398     0.00
  604    0.9900   -10.10    0.9600    -7.90    0.9373     0.00
  605    0.9900    -9.49    0.9586    -7.22    0.9350     0.00
  606    0.9900    -8.84    0.9571    -6.52    0.9330     0.00
  607    0.9900    -8.16    0.9557    -5.81    0.9314     0.00
  608    0.9900    -7.43    0.9544    -5.08    0.9300     0.00
  609    0.9900    -6.67    0.9531    -4.35    0.9288     0.00
  610    0.9900    -5.86    0.9519    -3.62    0.9280     0.00
  611    0.9900    -5.01    0.9508    -2.89    0.9274     0.00
  612    0.9900    -4.13    0.9498    -2.16    0.9271     0.00
  613    0.9900    -3.21    0.9489    -1.44    0.9270     0.00
  614    0.9900    -2.26    0.9481    -0.73    0.9271     0.00
  615    0.9900    -1.29    0.9475    -0.02    0.9275     0.00
  616    0.9900    -0.29    0.9471     0.68    0.9280     0.00
  617    0.9900     0.73    0.9468     1.36    0.9287     0.00
  618    0.9900     1.75    0.9467     2.03    0.9296     0.00
  619    0.9900     2.77    0.9468     2.69    0.9306     0.00
  620    0.9899     3.79    0.9472     3.34    0.9317     0.00
  621    0.9899     4.79    0.9477     3.97    0.9329     0.00
  622    0.9898     5.78    0.9485     4.59    0.9343     0.00
  623    0.9897     6.75    0.9495     5.19    0.9357     0.00
  624    0.9897     7.69    0.9507     5.78    0.9373     0.00
  625    0.9896     8.59    0.9521     6.35    0.9389     0.00
  626    0.9895     9.45    0.9537     6.91    0.9406     0.00
  627    0.9894    10.27    0.9554     7.44    0.9425     0.00
  628    0.9893    11.04    0.9574     7.96    0.9444     0.00
  629    0.9892    11.76    0.9595     8.46    0.9465     0.00
  630    0.9891    12.43    0.9617     8.93    0.9486     0.00
  631    0.9890    13.04    0.9639     9.38    0.9510     0.00
  632    0.9889    13.58    0.9663     9.80    0.9535     0.00
  633    0.9889    14.07    0.9687    10.20    0.9561     0.00
  634    0.9888    14.49    0.9712    10.56    0.9589     0.00
  635    0.9887    14.85    0.9736    10.90    0.9619     0.00
  636    0.9887    15.15    0.9761    11.20    0.9650     0.00
  637    0.9886    15.38    0.9785    11.47    0.9684     0.00
  638    0.9886    15.55    0.9809    11.71    0.9719     0.00
  639    0.9886    15.66    0.9833    11.90    0.9755     0.00
  640    0.9886    15.72    0.9856    12.06    0.9794     0.00
  641    0.9886    15.72    0.9878    12.18    0.9833     0.00
  642    0.9886    15.67    0.9900    12.26    0.9873     0.00
  643    0.9886    15.57    0.9922    12.29    0.9914     0.00
  644    0.9886    15.43    0.9943    12.28    0.9956     0.00
  645    0.9887    15.25    0.9964    12.22    0.9998     0.00
  646    0.9887    15.04    0.9984    12.10    1.0039     0.00
  647    0.9887    14.79    1.0003    11.94    1.0080     0.00
  648    0.9888    14.50    1.0023    11.72    1.0121     0.00
  649    0.9888    14.19    1.0042    11.46    1.0160     0.00
  650    0.9889    13.86    1.0061    11.14    1.0198     0.00
  651    0.9889    13.49    1.0080    10.77    1.0235     0.00
  652    0.9890    13.10    1.0098    10.35    1.0270     0.00
  653    0.9891    12.68    1.0117     9.89    1.0303     0.00
  654    0.9891    12.24    1.0135     9.38    1.0334     0.00
  655    0.9892    11.76    1.0153     8.84    1.0362     0.00
  656    0.9893    11.25    1.0171     8.26    1.0389     0.00
  657    0.9893    10.71    1.0189     7.65    1.0413     0.00
  658    0.9894    10.12    1.0206     7.02    1.0435     0.00
  659    0.9895     9.50    1.0223     6.37    1.0454     0.00
  660    0.9895     8.83    1.0239     5.70    1.0471     0.00
  661    0.9896     8.12    1.0255     5.03    1.0485     0.00
  662    0.9897     7.37    1.0270     4.35    1.0496     0.00
  663    0.9898     6.56    1.0283     3.68    1.0506     0.00
  664    0.9898     5.71    1.0296     3.00    1.0513     0.00
  665    0.9899     4.81    1.0307     2.34    1.0517     0.00
  666    0.9899     3.86    1.0317     1.68    1.0520     0.00
  667    0.9900     2.88    1.0325     1.02    1.0520     0.00
  668    0.9900     1.86    1.0331     0.38    1.0519     0.00
  669    0.9900     0.81    1.0336    -0.25    1.0515     0.00
  670    0.9900    -0.26    1.0339    -0.87    1.0510     0.00
  671    0.9900    -1.34    1.0339    -1.48    1.0504     0.00
  672    0.9900    -2.42    1.0338    -2.07    1.0496     0.00
  673    0.9900    -3.49    1.0334    -2.66    1.0487     0.00
  674    0.9900    -4.55    1.0328    -3.24    1.0477     0.00
  675    0.9900    -5.58    1.0320    -3.81    1.0465     0.00
  676    0.9900    -6.58    1.0310    -4.37    1.0453     0.00
  677    0.9900    -7.54    1.0297    -4.92    1.0439     0.00
  678    0.9900    -8.46    1.0283    -5.46    1.0424     0.00
  679    0.9900    -9.33    1.0266    -6.00    1.0411    -0.09
  680    0.9900   -10.14    1.0248    -6.52    1.0406    -0.45
  681    0.9900   -10.90    1.0229    -7.04    1.0401    -0.83
  682    0.9900   -11.59    1.0207    -7.54    1.0401    -1.31
  683    0.9900   -12.22    1.0185    -8.03    1.0402    -1.90
  684    0.9900   -12.79    1.0162    -8.49    1.0403    -2.50
  685    0.9900   -13.28    1.0138    -8.94    1.0409    -3.26
  686    0.9900   -13.72    1.0114    -9.37    1.0415    -4.07
  687    0.9900   -14.09    1.0090    -9.77    1.0421    -4.91
  688    0.9900   -14.39    1.0065   -10.14    1.0440    -6.18
  689    0.9900   -14.63    1.0041   -10.48    1.0457    -7.44
  690    0.9900   -14.82    1.0017   -10.79    1.0475    -8.70
  691    0.9900   -14.95    0.9994   -11.08    1.0518   -10.77
  692    0.9900   -15.02    0.9974   -11.39    1.0556   -12.74
  693    0.9900   -15.05    0.9957   -11.75    1.0600   -14.78
  694    0.9900   -15.02    0.9946   -12.17    1.0654   -17.19
  695    0.9900   -14.96    0.9938   -12.64    1.0701   -19.38
  696    0.9900   -14.85    0.9935   -13.16    1.0751   -21.65
  697    0.9900   -14.71    0.9937   -13.72    1.0798   -23.88
  698    0.9900   -14.54    0.9942   -14.32    1.0832   -25.70
  699    0.9900   -14.33    0.9951   -14.95    1.0870   -27.68
  700    0.9900   -14.09    0.9965   -15.65    1.0876   -28.74
  701    0.9900   -13.83    0.9987   -16.46    1.0880   -29.66
  702    0.9900   -13.58    1.0013   -17.34    1.0873   -30.44
  703    0.9900   -13.38    1.0050   -18.41    1.0845   -30.47
  704    0.9900   -13.27    1.0097   -19.69    1.0800   -30.01
  705    0.9900   -13.30    1.0154   -21.14    1.0740   -29.11
  706    0.9900   -13.49    1.0220   -22.77    1.0663   -27.65
  707    0.9900   -13.82    1.0292   -24.49    1.0575   -25.85
  708    0.9900   -14.31    1.0368   -26.25    1.0476   -23.69
  709    0.9900   -14.94    1.0445   -28.00    1.0375   -21.41
  710    0.9900   -15.73    1.0518   -29.58    1.0271   -19.04
  711    0.9900   -16.72    1.0588   -31.05    1.0166   -16.53
  712    0.9900   -17.93    1.0643   -32.13    1.0062   -14.03
  713    0.9900   -19.43    1.0683   -32.84    0.9960   -11.49
  714    0.9900   -21.30    1.0711   -33.27    0.9861    -8.99
  715    0.9900   -23.61    1.0719   -33.28    0.9764    -6.52
  716    0.9900   -26.39    1.0707   -32.86    0.9680    -4.46
  717    0.9900   -29.58    1.0674   -32.05    0.9619    -3.24
  718    0.9900   -33.11    1.0621   -30.88    0.9516    -0.29
  719    0.9900   -36.84    1.0552   -29.43    0.9494    -0.30
  720    0.9900   -40.55    1.0467   -27.76    0.9466    -0.31
    1    0.9900   -44.11    1.0373   -25.97    0.9456    -0.32
    2    0.9900   -47.22    1.0271   -24.14    0.9417     0.00
    3    0.9900   -49.62    1.0163   -22.30    0.9319     0.56
    4    0.9900   -51.31    1.0050   -20.52    0.9293    14.61
    5    0.9900   -52.23    0.9932   -18.84    0.9404     0.00
    6    0.9900   -52.25    0.9810   -17.29    0.9194    17.89
    7    0.9900   -51.40    0.9683   -15.92    0.9267     0.72
    8    0.9900   -49.72    0.9555   -14.81    0.9148     0.77
    9    0.9900   -47.32    0.9432   -14.12    0.9106     0.82
   10    0.9900   -44.32    0.9303   -13.56    0.9130     0.88
   11    0.9900   -40.90    0.9182   -13.39    0.9104    24.96
   12    0.9900   -37.15    0.9078   -13.76    0.9286     1.01
   13    0.9900   -33.17    0.8991   -14.57    0.9073     1.07
   14    0.9900   -29.08    0.8914   -15.51    0.9036     1.14
   15    0.9900   -24.89    0.8834   -16.11    0.9012    23.79
   16    0.9900   -20.68    0.8725   -15.45    0.9152     1.14
   17    0.9900   -16.47    0.8665   -15.62    0.9006     1.09
   18    0.9900   -12.32    0.8596   -14.84    0.8922     1.04
   19    0.9900    -8.35    0.8565   -14.41    0.8874     0.99
   20    0.9900    -4.55    0.8571   -14.19    0.8802     3.95
   21    0.9900    -0.98    0.8592   -13.55    0.8872     0.90
   22    0.9900     2.21    0.8626   -12.49    0.8743     0.86
   23    0.9899     4.86    0.8617    -9.45    0.8627     0.83
   24    0.9897     6.94    0.8667    -7.45    0.8517     0.82
   25    0.9896     8.64    0.8757    -6.08    0.8397     7.18
   26    0.9894    10.44    0.8849    -4.34    0.8364    20.72
   27    0.9891    12.36    0.8877    -0.63    0.8336    13.71
   28    0.9888    14.36    0.8946     2.14    0.8230     0.79
   29    0.9885    16.28    0.9050     3.97    0.8031    23.23
   30    0.9882    17.88    0.9149     5.88    0.8009    18.27
   31    0.9879    19.02    0.9229     8.15    0.7942     0.79
   32    0.9877    19.75    0.9283    10.87    0.7758    14.09
   33    0.9876    20.48    0.9339    13.15    0.7731    19.23
   34    0.9874    21.38    0.9388    15.09    0.7654    22.09
   35    0.9872    22.20    0.9416    17.04    0.7607    15.50
   36    0.9870    22.69    0.9422    19.15    0.7600    22.94
   37    0.9869    23.06    0.9399    21.77    0.7623    24.46
   38    0.9868    23.58    0.9343    25.20    0.7523    31.86
   39    0.9866    24.13    0.9284    28.72    0.7473    38.74
   40    0.9865    24.51    0.9256    31.32    0.7465    43.15
   41    0.9865    24.66    0.9226    33.76    0.7487    47.40
   42    0.9865    24.75    0.9175    36.37    0.7535    50.43
   43    0.9864    24.95    0.9130    38.54    0.7605    52.80
   44    0.9863    25.31    0.9094    40.38    0.7693    54.35
   45    0.9861    25.83    0.9052    42.33    0.7794    55.29
   46    0.9859    26.54    0.8996    44.53    0.7905    55.41
   47    0.9856    27.55    0.8934    46.78    0.8022    54.77
   48    0.9851    29.03    0.8873    48.91    0.8139    53.63
   49    0.9844    31.10    0.8819    50.89    0.8255    52.28
   50    0.9835    33.67    0.8768    52.74    0.8366    51.01
   51    0.9823    36.51    0.8712    54.60    0.8475    49.81
   52    0.9810    39.46    0.8648    56.55    0.8580    48.69
   53    0.9796    42.41    0.8579    58.64    0.8681    47.51
   54    0.9782    45.29    0.8509    60.82    0.8778    46.20
   55    0.9767    48.05    0.8444    63.00    0.8869    44.75
   56    0.9752    50.70    0.8389    65.08    0.8953    43.31
   57    0.9737    53.29    0.8349    66.95    0.9030    42.01
   58    0.9721    55.86    0.8327    68.63    0.9100    40.80
   59    0.9704    58.43    0.8329    70.11    0.9164    39.66
   60    0.9686    61.00    0.8357    71.38    0.9223    38.61
   61    0.9668    63.55    0.8408    72.34    0.9276    37.67
   62    0.9650    66.08    0.8480    72.93    0.9324    36.84
   63    0.9631    68.58    0.8569    73.10    0.9368    36.07
   64    0.9611    71.07    0.8672    72.85    0.9408    35.28
   65    0.9590    73.58    0.8784    72.24    0.9444    34.53
   66    0.9569    76.10    0.8902    71.36    0.9477    33.90
   67    0.9547    78.62    0.9025    70.32    0.9507    33.42
   68    0.9525    81.11    0.9149    69.19    0.9535    33.11
   69    0.9502    83.53    0.9275    68.04    0.9563    33.01
   70    0.9480    85.82    0.9399    66.94    0.9592    33.12
   71    0.9460    87.92    0.9521    65.91    0.9624    33.55
   72    0.9442    89.75    0.9639    64.96    0.9662    34.33
   73    0.9427    91.26    0.9751    64.13    0.9707    35.36
   74    0.9415    92.37    0.9859    63.43    0.9762    36.50
   75    0.9408    93.05    0.9962    62.86    0.9826    37.59
   76    0.9406    93.22    1.0060    62.42    0.9899    38.49
   77    0.9410    92.86    1.0153    62.11    0.9980    39.14
   78    0.9420    91.94    1.0240    61.90    1.0066    39.53
   79    0.9435    90.46    1.0323    61.75    1.0155    39.75
   80    0.9455    88.44    1.0398    61.65    1.0247    39.84
   81    0.9479    85.93    1.0468    61.56    1.0341    39.85
   82    0.9507    83.01    1.0528    61.46    1.0435    39.81
   83    0.9537    79.76    1.0580    61.34    1.0530    39.75
   84    0.9567    76.28    1.0622    61.18    1.0625    39.65
   85    0.9598    72.68    1.0652    60.95    1.0720    39.52
   86    0.9627    69.07    1.0672    60.64    1.0815    39.38
   87    0.9654    65.54    1.0680    60.22    1.0910    39.22
   88    0.9678    62.17    1.0679    59.66    1.1005    39.07
   89    0.9700    59.00    1.0669    58.92    1.1099    38.92
   90    0.9719    56.07    1.0652    57.95    1.1193    38.75
   91    0.9736    53.38    1.0632    56.75    1.1286    38.55
   92    0.9751    50.94    1.0609    55.28    1.1378    38.28
   93    0.9763    48.75    1.0587    53.55    1.1468    37.92
   94    0.9774    46.78    1.0566    51.60    1.1556    37.43
   95    0.9783    45.03    1.0549    49.45    1.1640    36.79
   96    0.9791    43.51    1.0535    47.15    1.1720    35.99
   97    0.9797    42.20    1.0525    44.76    1.1795    35.01
   98    0.9803    41.08    1.0520    42.31    1.1863    33.87
   99    0.9807    40.15    1.0518    39.87    1.1923    32.55
  100    0.9811    39.36    1.0522    37.45    1.1974    31.07
  101    0.9814    38.67    1.0529    35.07    1.2017    29.45
  102    0.9816    38.05    1.0541    32.76    1.2048    27.71
  103    0.9819    37.43    1.0556    30.53    1.2069    25.89
  104    0.9822    36.73    1.0574    28.38    1.2079    24.01
  105    0.9826    35.90    1.0596    26.31    1.2079    22.12
  106    0.9830    34.90    1.0622    24.32    1.2067    20.25
  107    0.9835    33.68    1.0651    22.40    1.2045    18.46
  108    0.9840    32.22    1.0684    20.54    1.2015    16.77
  109    0.9846    30.53    1.0721    18.73    1.1971    18.45
  110    0.9853    28.62    1.0762    16.97    1.1923    17.44
  111    0.9859    26.51    1.0807    15.24    1.1872    16.64
  112    0.9866    24.23    1.0855    13.53    1.1816    15.26
  113    0.9872    21.82    1.0904    11.85    1.1778     0.59
  114    0.9878    19.31    1.0952    10.18    1.1683     0.58
  115    0.9884    16.73    1.0999     8.51    1.1604     0.57
  116    0.9889    14.09    1.1041     6.86    1.1528     0.57
  117    0.9892    11.41    1.1077     5.21    1.1454     0.56
  118    0.9896     8.70    1.1106     3.58    1.1383     0.55
  119    0.9898     5.94    1.1125     1.97    1.1315     0.55
  120    0.9899     3.14    1.1135     0.41    1.1249     0.54
  121    0.9900     0.27    1.1126    -0.91    1.1184     1.72
  122    0.9900    -2.66    1.1098    -1.96    1.1157     0.53
  123    0.9900    -5.64    1.1055    -2.83    1.1093     3.30
  124    0.9900    -8.65    1.1006    -3.68    1.1060     4.57
  125    0.9900   -11.67    1.0992    -5.45    1.1029     5.34
  126    0.9900   -14.66    1.1009    -8.01    1.0995     8.04
  127    0.9900   -17.57    1.1018   -10.46    1.0979    12.86
  128    0.9900   -20.35    1.0995   -12.24    1.0956     8.93
  129    0.9900   -22.95    1.0943   -13.41    1.0933    13.88
  130    0.9900   -25.31    1.0872   -14.19    1.0919     5.95
  131    0.9900   -27.31    1.0792   -14.80    1.0902     0.52
  132    0.9900   -28.78    1.0708   -15.37    1.0845     3.01
  133    0.9900   -29.63    1.0620   -15.88    1.0829     0.51
  134    0.9900   -29.97    1.0534   -16.48    1.0788     0.51
  135    0.9900   -30.40    1.0445   -17.05    1.0747     0.50
  136    0.9900   -31.65    1.0350   -17.50    1.0707     0.50
  137    0.9900   -33.72    1.0253   -17.91    1.0667     0.50
  138    0.9900   -35.84    1.0154   -18.21    1.0627     0.50
  139    0.9900   -37.21    1.0047   -18.28    1.0587     0.50
  140    0.9900   -37.58    0.9947   -18.42    1.0533     8.39
  141    0.9900   -37.13    0.9855   -18.60    1.0507     9.13
  142    0.9900   -36.16    0.9786   -19.21    1.0484     7.39
  143    0.9900   -34.88    0.9760   -20.63    1.0458     3.35
  144    0.9900   -33.48    0.9756   -22.27    1.0532    -5.03
  145    0.9900   -32.02    0.9756   -23.67    1.0243    -0.26
  146    0.9900   -30.44    0.9752   -24.67    1.0309    -4.11
  147    0.9900   -28.73    0.9737   -25.31    1.0252    -5.22
  148    0.9900   -26.87    0.9709   -25.73    1.0193    -6.16
  149    0.9900   -24.79    0.9672   -26.06    1.0134    -7.17
  150    0.9900   -22.59    0.9629   -26.33    1.0074    -8.25
  151    0.9900   -20.40    0.9587   -26.48    1.0014    -9.28
  152    0.9900   -18.53    0.9528   -25.88    0.9953   -10.32
  153    0.9900   -17.50    0.9460   -24.58    0.9892   -11.32
  154    0.9900   -17.51    0.9408   -23.18    0.9832   -12.30
  155    0.9900   -18.29    0.9391   -22.22    0.9771   -13.21
  156    0.9900   -19.33    0.9438   -22.58    0.9712   -14.03
  157    0.9900   -20.18    0.9487   -22.67    0.9653   -14.69
  158    0.9900   -20.61    0.9526   -22.28    0.9595   -15.14
  159    0.9900   -20.59    0.9565   -21.68    0.9538   -15.37
  160    0.9900   -20.19    0.9604   -20.90    0.9483   -15.42
  161    0.9900   -19.55    0.9642   -19.91    0.9429   -15.34
  162    0.9900   -18.46    0.9678   -18.75    0.9377   -15.22
  163    0.9900   -16.73    0.9711   -17.56    0.9328   -15.11
  164    0.9900   -14.53    0.9736   -16.47    0.9280   -15.02
  165    0.9900   -12.37    0.9751   -15.61    0.9233   -14.92
  166    0.9900   -11.13    0.9754   -15.04    0.9189   -14.72
  167    0.9900   -11.00    0.9744   -14.73    0.9147   -14.36
  168    0.9900   -11.50    0.9726   -14.58    0.9107   -13.76
  169    0.9900   -12.14    0.9704   -14.46    0.9071   -12.89
  170    0.9900   -12.68    0.9681   -14.25    0.9039   -11.73
  171    0.9900   -13.02    0.9659   -13.87    0.9010   -10.33
  172    0.9900   -13.15    0.9640   -13.27    0.8986    -8.70
  173    0.9900   -13.08    0.9626   -12.42    0.8967    -6.89
  174    0.9900   -12.85    0.9618   -11.30    0.8952    -4.93
  175    0.9900   -12.51    0.9618    -9.94    0.8942    -2.88
  176    0.9900   -12.10    0.9622    -8.43    0.8915    -0.18
  177    0.9900   -11.63    0.9627    -6.97    0.8959     0.00
  178    0.9900   -11.11    0.9623    -5.72    0.8938     2.83
  179    0.9900   -10.55    0.9610    -4.74    0.8947     4.15
  180    0.9900    -9.91    0.9586    -3.98    0.8960     4.82
  181    0.9900    -9.19    0.9555    -3.34    0.8974     5.00
  182    0.9900    -8.37    0.9520    -2.70    0.8989     4.79
  183    0.9900    -7.42    0.9482    -1.99    0.9003     4.32
  184    0.9900    -6.36    0.9444    -1.17    0.9018     3.76
  185    0.9900    -5.19    0.9406    -0.21    0.9033     3.25
  186    0.9900    -3.95    0.9369     0.86    0.9049     2.88
  187    0.9900    -2.67    0.9334     2.03    0.9067     2.76
  188    0.9900    -1.37    0.9298     3.31    0.9087     2.92
  189    0.9900    -0.08    0.9267     4.57    0.9111     3.31
  190    0.9900     1.21    0.9240     5.77    0.9140     3.78
  191    0.9900     2.52    0.9218     6.94    0.9173     4.15
  192    0.9899     3.85    0.9200     8.04    0.9208     4.28
  193    0.9898     5.25    0.9191     9.03    0.9241     4.13
  194    0.9897     6.72    0.9192     9.86    0.9271     3.72
  195    0.9896     8.29    0.9203    10.51    0.9295     3.17
  196    0.9894     9.94    0.9225    11.01    0.9317     2.54
  197    0.9892    11.67    0.9255    11.39    0.9336     1.89
  198    0.9890    13.47    0.9290    11.69    0.9355     1.27
  199    0.9886    15.32    0.9329    11.97    0.9376     0.67
  200    0.9883    17.18    0.9368    12.26    0.9401     0.05
  201    0.9879    18.98    0.9406    12.60    0.9427    -0.45
  202    0.9875    20.70    0.9443    13.00    0.9447    -0.71
  203    0.9871    22.28    0.9478    13.45    0.9467    -0.85
  204    0.9868    23.69    0.9514    13.92    0.9488    -0.93
  205    0.9864    24.88    0.9552    14.39    0.9510    -0.97
  206    0.9862    25.78    0.9595    14.82    0.9535    -0.99
  207    0.9860    26.37    0.9642    15.22    0.9563    -1.00
  208    0.9859    26.64    0.9694    15.58    0.9593    -0.97
  209    0.9859    26.62    0.9749    15.93    0.9628    -0.93
  210    0.9860    26.36    0.9806    16.27    0.9666    -0.87
  211    0.9861    25.93    0.9864    16.61    0.9708    -0.80
  212    0.9863    25.40    0.9922    16.92    0.9753    -0.73
  213    0.9864    24.85    0.9979    17.18    0.9801    -0.65
  214    0.9866    24.31    1.0033    17.40    0.9850    -0.57
  215    0.9867    23.80    1.0082    17.56    0.9901    -0.50
  216    0.9869    23.29    1.0125    17.69    0.9954    -0.42
  217    0.9870    22.77    1.0161    17.74    1.0008    -0.38
  218    0.9872    22.17    1.0189    17.70    1.0065    -0.33
  219    0.9873    21.49    1.0210    17.55    1.0123    -0.28
  220    0.9875    20.70    1.0226    17.26    1.0185    -0.23
  221    0.9877    19.82    1.0238    16.86    1.0250    -0.18
  222    0.9879    18.86    1.0247    16.36    1.0318    -0.13
  223    0.9882    17.85    1.0255    15.77    1.0390    -0.11
  224    0.9884    16.79    1.0264    15.11    1.0464    -0.08
  225    0.9886    15.71    1.0273    14.41    1.0538    -0.06
  226    0.9888    14.64    1.0284    13.68    1.0611    -0.03
  227    0.9889    13.61    1.0297    12.91    1.0680    -0.01
  228    0.9891    12.65    1.0310    12.10    1.0745     0.00
  229    0.9892    11.77    1.0324    11.23    1.0803     0.00
  230    0.9893    10.96    1.0338    10.31    1.0852     0.00
  231    0.9894    10.21    1.0352     9.31    1.0890     0.00
  232    0.9895     9.49    1.0365     8.24    1.0917     0.00
  233    0.9896     8.78    1.0378     7.11    1.0933     0.00
  234    0.9896     8.04    1.0392     5.91    1.0939     0.00
  235    0.9897     7.27    1.0406     4.64    1.0936     0.00
  236    0.9898     6.43    1.0421     3.33    1.0926     0.00
  237    0.9898     5.52    1.0437     1.97    1.0912     0.00
  238    0.9899     4.54    1.0455     0.60    1.0895     0.00
  239    0.9899     3.49    1.0473    -0.76    1.0877     0.00
  240    0.9900     2.35    1.0492    -2.08    1.0858     0.00
  241    0.9900     1.15    1.0511    -3.33    1.0839     0.00
  242    0.9900    -0.13    1.0528    -4.50    1.0818     0.00
  243    0.9900    -1.49    1.0543    -5.56    1.0796     0.00
  244    0.9900    -2.91    1.0554    -6.51    1.0772     0.00
  245    0.9900    -4.42    1.0559    -7.34    1.0746     0.00
  246    0.9900    -6.00    1.0559    -8.05    1.0716     0.00
  247    0.9900    -7.67    1.0553    -8.65    1.0685     0.00
  248    0.9900    -9.41    1.0540    -9.16    1.0650     0.00
  249    0.9900   -11.21    1.0523    -9.60    1.0614     0.00
  250    0.9900   -13.06    1.0501    -9.99    1.0577     0.00
  251    0.9900   -14.90    1.0475   -10.36    1.0539     0.00
  252    0.9900   -16.70    1.0445   -10.72    1.0501     0.00
  253    0.9900   -18.41    1.0414   -11.09    1.0464     0.00
  254    0.9900   -19.97    1.0380   -11.48    1.0428     0.00
  255    0.9900   -21.34    1.0344   -11.88    1.0395     0.00
  256    0.9900   -22.47    1.0307   -12.31    1.0363     0.00
  257    0.9900   -23.36    1.0267   -12.75    1.0332     0.00
  258    0.9900   -23.98    1.0225   -13.20    1.0303     0.00
  259    0.9900   -24.36    1.0181   -13.66    1.0274     0.00
  260    0.9900   -24.52    1.0134   -14.13    1.0244     0.00
  261    0.9900   -24.49    1.0085   -14.59    1.0214     0.00
  262    0.9900   -24.33    1.0035   -15.04    1.0182     0.00
  263    0.9900   -24.06    0.9984   -15.48    1.0149     0.00
  264    0.9900   -23.72    0.9933   -15.90    1.0113     0.00
  265    0.9900   -23.32    0.9883   -16.28    1.0075     0.00
  266    0.9900   -22.89    0.9835   -16.62    1.0034     0.00
  267    0.9900   -22.42    0.9790   -16.90    0.9991     0.00
  268    0.9900   -21.91    0.9749   -17.10    0.9946     0.00
  269    0.9900   -21.36    0.9713   -17.23    0.9898     0.00
  270    0.9900   -20.77    0.9682   -17.26    0.9848     0.00
  271    0.9900   -20.12    0.9655   -17.20    0.9795     0.00
  272    0.9900   -19.42    0.9633   -17.05    0.9740     0.00
  273    0.9900   -18.68    0.9615   -16.80    0.9684     0.00
  274    0.9900   -17.89    0.9600   -16.46    0.9625     0.00
  275    0.9900   -17.07    0.9588   -16.04    0.9565     0.00
  276    0.9900   -16.24    0.9577   -15.55    0.9503     0.00
  277    0.9900   -15.40    0.9567   -14.99    0.9442     0.00
  278    0.9900   -14.56    0.9557   -14.37    0.9381     0.00
  279    0.9900   -13.75    0.9547   -13.69    0.9321     0.00
  280    0.9900   -12.96    0.9537   -12.96    0.9264     0.00
  281    0.9900   -12.19    0.9527   -12.18    0.9210     0.00
  282    0.9900   -11.45    0.9517   -11.34    0.9161     0.00
  283    0.9900   -10.74    0.9506   -10.44    0.9118     0.00
  284    0.9900   -10.03    0.9495    -9.48    0.9081     0.00
  285    0.9900    -9.32    0.9484    -8.47    0.9051     0.00
  286    0.9900    -8.61    0.9472    -7.41    0.9028     0.00
  287    0.9900    -7.87    0.9460    -6.30    0.9012     0.00
  288    0.9900    -7.10    0.9448    -5.16    0.9003     0.00
  289    0.9900    -6.29    0.9435    -3.99    0.9000     0.00
  290    0.9900    -5.43    0.9422    -2.80    0.9001     0.00
  291    0.9900    -4.52    0.9408    -1.61    0.9007     0.00
  292    0.9900    -3.55    0.9394    -0.43    0.9016     0.00
  293    0.9900    -2.53    0.9381     0.73    0.9029     0.00
  294    0.9900    -1.45    0.9367     1.85    0.9043     0.00
  295    0.9900    -0.31    0.9355     2.93    0.9060     0.00
  296    0.9900     0.88    0.9344     3.96    0.9080     0.00
  297    0.9900     2.12    0.9335     4.93    0.9101     0.00
  298    0.9899     3.41    0.9330     5.83    0.9124     0.00
  299    0.9899     4.73    0.9327     6.66    0.9149     0.00
  300    0.9898     6.10    0.9328     7.43    0.9176     0.00
  301    0.9897     7.49    0.9333     8.14    0.9205     0.00
  302    0.9895     8.90    0.9342     8.78    0.9235     0.00
  303    0.9894    10.31    0.9356     9.37    0.9266     0.00
  304    0.9892    11.71    0.9372     9.92    0.9297     0.00
  305    0.9890    13.09    0.9393    10.44    0.9329     0.00
  306    0.9888    14.43    0.9417    10.93    0.9360     0.00
  307    0.9886    15.71    0.9444    11.39    0.9391     0.00
  308    0.9883    16.92    0.9474    11.85    0.9422     0.00
  309    0.9881    18.03    0.9506    12.29    0.9451     0.00
  310    0.9879    19.03    0.9540    12.72    0.9481     0.00
  311    0.9877    19.91    0.9576    13.14    0.9510     0.00
  312    0.9875    20.66    0.9615    13.54    0.9539     0.00
  313    0.9874    21.27    0.9654    13.93    0.9570     0.00
  314    0.9873    21.74    0.9695    14.29    0.9601     0.00
  315    0.9872    22.08    0.9737    14.63    0.9634     0.00
  316    0.9871    22.29    0.9779    14.94    0.9669     0.00
  317    0.9871    22.38    0.9821    15.22    0.9705     0.00
  318    0.9871    22.35    0.9862    15.46    0.9744     0.00
  319    0.9871    22.23    0.9902    15.65    0.9786     0.00
  320    0.9872    22.02    0.9941    15.81    0.9830     0.00
  321    0.9873    21.73    0.9977    15.91    0.9877     0.00
  322    0.9874    21.37    1.0011    15.96    0.9926     0.00
  323    0.9875    20.94    1.0042    15.96    0.9977     0.00
  324    0.9876    20.45    1.0071    15.90    1.0031     0.00
  325    0.9877    19.91    1.0096    15.78    1.0086     0.00
  326    0.9878    19.31    1.0120    15.59    1.0142     0.00
  327    0.9880    18.67    1.0141    15.33    1.0200     0.00
  328    0.9881    17.99    1.0160    15.01    1.0258     0.00
  329    0.9883    17.27    1.0177    14.62    1.0316     0.00
  330    0.9884    16.53    1.0194    14.16    1.0373     0.00
  331    0.9886    15.77    1.0210    13.63    1.0428     0.00
  332    0.9887    15.00    1.0225    13.03    1.0482     0.00
  333    0.9888    14.23    1.0240    12.37    1.0532     0.00
  334    0.9890    13.46    1.0256    11.65    1.0579     0.00
  335    0.9891    12.70    1.0271    10.87    1.0622     0.00
  336    0.9892    11.94    1.0287    10.02    1.0659     0.00
  337    0.9893    11.18    1.0303     9.13    1.0692     0.00
  338    0.9894    10.42    1.0319     8.18    1.0719     0.00
  339    0.9895     9.65    1.0335     7.19    1.0742     0.00
  340    0.9895     8.86    1.0351     6.16    1.0758     0.00
  341    0.9896     8.05    1.0368     5.11    1.0770     0.00
  342    0.9897     7.20    1.0384     4.03    1.0777     0.00
  343    0.9898     6.29    1.0400     2.95    1.0780     0.00
  344    0.9898     5.34    1.0416     1.88    1.0778     0.00
  345    0.9899     4.32    1.0430     0.82    1.0773     0.00
  346    0.9899     3.23    1.0444    -0.21    1.0765     0.00
  347    0.9900     2.07    1.0456    -1.21    1.0754     0.00
  348    0.9900     0.84    1.0466    -2.15    1.0741     0.00
  349    0.9900    -0.46    1.0473    -3.05    1.0725     0.00
  350    0.9900    -1.82    1.0478    -3.89    1.0706     0.00
  351    0.9900    -3.24    1.0481    -4.67    1.0686     0.00
  352    0.9900    -4.70    1.0480    -5.40    1.0664     0.00
  353    0.9900    -6.19    1.0476    -6.07    1.0641     0.00
  354    0.9900    -7.69    1.0468    -6.71    1.0616     0.00
  355    0.9900    -9.20    1.0457    -7.30    1.0590     0.00
  356    0.9900   -10.68    1.0442    -7.85    1.0562     0.00
  357    0.9900   -12.12    1.0424    -8.39    1.0535     0.00
  358    0.9900   -13.50    1.0403    -8.90    1.0506     0.00
  359    0.9900   -14.80    1.0378    -9.40    1.0478     0.00
  360    0.9900   -16.00    1.0351    -9.90    1.0449     0.00
