Speed  IMEP    PMEP    FMEP    BMEP   MEff  VEff  ThEff  Torque Power    mf    SFC    TMass   MIn     MOut     Lambda Spark ExhP   QHeat   QWork  QExht  QPump  QFric

2000  10.323  -0.411   1.881   8.853  85.8  84.5  29.9  112.39  23.539   6.60  280.2  447.10  426.04  426.72   1.00  -18.0    8.7   30.3   29.9   34.9   -1.4    6.3
2250  10.337  -0.479   2.039   8.777  84.9  74.2  31.8  111.43  26.254   6.91  263.1  426.83  396.52  396.89   1.00  -20.0    8.6   30.8   31.8   31.7   -1.7    7.4
2500  11.226  -0.543   2.201   9.569  85.2  77.7  33.1  121.48  31.804   8.03  252.6  448.37  415.01  416.30   1.00  -22.0    8.8   31.5   33.1   29.6   -1.9    7.6
2750  11.791  -0.301   2.062  10.031  85.1  110.5  24.4  127.34  36.672  12.56  342.5  613.64  590.03  440.62   1.00  -25.0   10.0   24.5   24.4   46.8   -0.7    5.0
3000  12.266  -0.538   2.408  10.396  84.8  88.9  31.5  131.99  41.465  11.03  266.1  500.01  475.06  475.32   1.00  -17.0   11.4   25.4   31.5   37.4   -1.6    7.3
3250  12.686  -0.612   2.597  10.701  84.3  99.8  28.9  135.85  46.235  13.41  290.0  542.07  532.96  533.26   1.00   -8.0   12.7   20.0   28.9   45.8   -1.6    7.0
3500  12.551  -0.509   2.617  10.444  83.2  95.3  29.5  132.59  48.597  13.80  283.9  522.05  509.25  510.58   1.00  -14.0   13.9   21.5   29.5   43.0   -1.4    7.4
3750  12.749  -0.404   2.640  10.513  82.5  96.4  29.3  133.47  52.414  14.95  285.3  535.92  515.05  515.40   1.00  -19.0   15.7   23.0   29.3   41.4   -1.1    7.4
4000  13.242  -0.474   2.844  10.872  82.1  104.0  28.1  138.02  57.815  17.20  297.5  578.59  555.38  555.26   1.00   -8.0   18.1   18.5   28.1   47.2   -1.2    7.4
4250  13.556  -0.461   2.971  11.046  81.5  103.7  28.7  140.23  62.412  18.23  292.1  573.72  554.14  554.22   1.00  -10.0   19.5   19.2   28.7   45.6   -1.2    7.7
4500  12.951  -0.462   3.120  10.293  79.5  91.7  30.2  130.68  61.582  17.07  277.2  515.44  489.91  489.54   1.00  -21.0   19.9   23.5   30.2   38.5   -1.4    9.2
2750  15.234  -0.867   2.628  13.474  88.4  82.3  44.1  171.06  49.260   9.36  190.1  475.73  439.74  578.22   1.00  -25.0   10.0   43.8   44.1    6.4   -2.8    8.6
2750  11.802  -0.302   2.063  10.042  85.1  110.4  24.5  127.49  36.713  12.56  342.1  613.56  589.94  441.24   1.00  -25.0   10.0   24.5   24.5   46.7   -0.7    5.0
2750  11.719  -0.546   2.306   9.959  85.0  82.7  32.4  126.43  36.409   9.40  258.2  477.83  441.57  439.58   1.00  -25.0   10.0   32.6   32.4   29.2   -1.8    7.5
2000  10.426  -0.428   1.898   8.956  85.9  80.3  30.0  113.70  23.812   6.64  278.8  449.99  428.77  431.01   1.00  -18.0    8.7   30.3   30.0   34.8   -1.4    6.4
2250  10.366  -0.491   2.052   8.805  84.9  74.1  32.0  111.79  26.339   6.90  261.9  427.29  395.96  396.98   1.00  -20.0    8.6   30.8   32.0   31.6   -1.8    7.5
2500  11.439  -0.588   2.245   9.781  85.5  78.5  33.6  124.18  32.509   8.11  249.5  451.91  419.10  421.23   1.00  -22.0    8.8   31.8   33.6   29.0   -2.0    7.7
2750  11.548  -0.283   2.043   9.788  84.8  109.1  24.1  124.26  35.785  12.41  346.7  607.18  582.72  440.65   1.00  -25.0   10.0   24.5   24.1   47.0   -0.7    5.0
3000  12.224  -0.373   2.243  10.354  84.7  105.1  26.5  131.45  41.295  13.04  315.8  586.16  561.53  476.89   1.00  -17.0   11.4   21.3   26.5   47.4   -1.0    5.7
3250  12.663  -0.618   2.603  10.677  84.3  100.0  28.7  135.55  46.134  13.44  291.3  542.51  534.07  534.35   1.00   -8.0   12.7   19.8   28.7   46.1   -1.7    7.0
3500  12.517  -0.506   2.614  10.410  83.2  95.6  29.3  132.16  48.438  13.84  285.7  523.82  510.77  511.75   1.00  -14.0   13.9   21.4   29.3   43.4   -1.4    7.4
3750  12.728  -0.407   2.642  10.493  82.4  96.5  29.3  133.21  52.311  14.96  286.1  537.09  515.43  516.21   1.00  -19.0   15.7   23.0   29.3   41.5   -1.1    7.4
4000  13.214  -0.482   2.852  10.844  82.1  103.7  28.2  137.67  57.667  17.15  297.3  577.66  553.69  554.95   1.00   -8.0   18.1   18.5   28.2   47.2   -1.3    7.4
4250  13.525  -0.477   2.988  11.014  81.4  103.5  28.7  139.83  62.234  18.19  292.2  572.29  552.69  552.65   1.00  -10.0   19.5   19.2   28.7   45.6   -1.2    7.8
4500  12.884  -0.472   3.129  10.227  79.4  91.1  30.2  129.83  61.182  16.96  277.3  513.19  486.89  486.63   1.00  -21.0   19.9   23.4   30.2   38.5   -1.4    9.2
2500  13.846  -0.773   2.431  12.188  88.0  78.5  41.8  154.74  40.511   8.12  200.3  454.16  419.31  518.12   1.00  -22.0    8.8   39.2   41.8   13.3   -2.7    8.3
2500  11.291  -0.563   2.221   9.634  85.3  77.9  33.3  122.31  32.020   8.06  251.7  450.14  416.37  417.85   1.00  -22.0    8.8   31.6   33.3   29.4   -1.9    7.7
2750  11.553  -0.282   2.043   9.793  84.8  109.1  24.2  124.32  35.803  12.40  346.4  607.03  582.56  440.73   1.00  -25.0   10.0   24.5   24.2   47.0   -0.7    5.0
2750  14.929  -0.827   2.588  13.169  88.2  82.8  42.8  167.18  48.145   9.41  195.5  478.61  442.12  570.18   1.00  -25.0   10.0   42.6   42.8    8.9   -2.7    8.4
2750  15.007  -0.841   2.602  13.246  88.3  82.7  43.1  168.16  48.428   9.40  194.1  478.65  441.58  571.58   1.00  -25.0   10.0   42.8   43.1    8.3   -2.7    8.5