1999/04/22 China Final
2000  10.677  -0.394   1.470   9.602  89.9  69.7  37.4  121.90  25.531   5.72  223.9  400.32  369.11  369.45   1.00  -10.0    4.5   27.1   37.4   31.3   -1.5    5.7
2500  13.587  -0.431   1.658  12.360  91.0  87.3  38.4  156.91  41.080   8.95  217.9  477.24  462.59  462.59   1.00  -10.0    4.2   24.8   38.4   33.0   -1.3    5.2
3000  13.819  -0.387   1.870  12.335  89.3  87.2  38.4  156.60  49.197  10.73  218.2  483.08  462.12  462.14   1.00  -10.0    7.0   23.3   38.4   33.7   -1.2    5.8
3500  14.260  -0.395   2.108  12.548  88.0  88.9  38.3  159.30  58.387  12.76  218.6  499.18  471.03  471.03   1.00  -10.0   11.9   22.2   38.3   34.3   -1.2    6.4
4000  14.848  -0.476   2.370  12.954  87.2  91.8  38.3  164.46  68.889  15.06  218.6  517.78  486.22  486.16   1.00  -10.0   16.8   21.4   38.3   34.7   -1.4    7.0
4500  16.059  -0.541   2.658  13.942  86.8  98.8  38.3  177.01  83.413  18.23  218.5  550.59  523.25  523.25   1.00  -10.0   20.1   20.8   38.3   35.0   -1.5    7.3
5000  15.920  -0.499   2.970  13.449  84.5  96.6  37.8  170.74  89.400  19.81  221.6  532.89  511.80  511.82   1.00  -10.0   20.9   19.4   37.8   35.9   -1.4    8.3
5500  15.348  -0.325   3.308  12.365  80.6  92.2  36.4  156.98  90.416  20.81  230.1  506.24  488.61  488.61   1.00  -10.0   20.7   18.5   36.4   36.3   -1.0    9.7
6000  14.288  -0.237   3.670  10.854  76.0  85.3  34.5  137.80  86.583  21.00  242.6  473.52  452.11  452.12   1.00  -10.0   23.5   18.2   34.5   36.4   -0.8   11.7
------

2000  10.814  -0.421   1.470   9.765  90.3  70.1  37.8  123.97  25.965   5.75  221.6  401.09  371.53  375.68   1.00  -10.0    4.5   27.9   37.8   30.3   -1.6    5.7
2500  13.354  -0.463   1.658  12.159  91.1  85.7  38.5  154.37  40.414   8.78  217.4  468.66  453.89  453.45   1.00  -10.0    4.2   24.6   38.5   33.1   -1.5    5.3
2800  13.452  -0.411   1.782  12.081  89.8  85.4  38.4  153.38  44.972   9.81  218.2  469.16  452.72  452.76   1.00  -10.0    5.6   24.1   38.4   33.2   -1.3    5.7
3000  13.515  -0.421   1.870  12.066  89.3  85.2  38.4  153.18  48.124  10.48  217.8  473.20  451.38  451.36   1.00  -10.0    7.0   23.4   38.4   33.6   -1.3    6.0
3500  14.066  -0.431   2.108  12.390  88.1  87.6  38.4  157.30  57.654  12.58  218.2  493.33  464.30  464.29   1.00  -10.0   11.9   22.3   38.4   34.2   -1.3    6.5
4000  14.884  -0.516   2.370  13.029  87.5  91.9  38.5  165.42  69.289  15.09  217.7  517.74  487.17  487.21   1.00  -10.0   16.8   21.5   38.5   34.6   -1.5    7.0
4500  15.910  -0.564   2.658  13.816  86.8  97.7  38.4  175.40  82.657  18.03  218.2  544.29  517.67  517.81   1.00  -10.0   20.1   20.9   38.4   34.9   -1.6    7.4
5000  16.436  -0.490   2.970  13.956  84.9  99.8  38.0  177.18  92.769  20.46  220.5  548.26  528.53  528.88   1.00  -10.0   20.9   19.7   38.0   35.6   -1.3    8.1
5300  16.007  -0.351   3.170  13.189  82.4  96.6  37.1  167.44  92.929  21.00  225.9  528.48  511.68  511.68   1.00  -10.0   20.7   19.1   37.1   36.0   -1.0    8.9
5500  15.874  -0.321   3.308  12.887  81.2  95.5  36.6  163.61  94.233  21.54  228.6  523.08  505.95  505.92   1.00  -10.0   20.7   18.8   36.6   36.1   -0.9    9.4
6000  15.015  -0.252   3.670  11.597  77.2  89.8  35.0  147.23  92.505  22.11  239.0  495.85  476.03  475.79   1.00  -10.0   23.5   18.4   35.0   36.3   -0.8   11.1