  360    1.3132     -1.08    1.4631     -1.40    1.4782      0.00
  361    1.3133      2.00    1.4629     -0.66    1.4785      0.00
  362    1.3133      5.04    1.4626      0.09    1.4788      0.00
  363    1.3133      8.02    1.4620      0.87    1.4789      0.00
  364    1.3133     10.93    1.4612      1.67    1.4790      0.00
  365    1.3133     13.76    1.4603      2.50    1.4790      0.00
  366    1.3133     16.51    1.4592      3.36    1.4790      0.00
  367    1.3133     19.17    1.4578      4.25    1.4788      0.00
  368    1.3133     21.73    1.4563      5.17    1.4785      0.00
  369    1.3133     24.20    1.4546      6.13    1.4782      0.00
  370    1.3133     26.56    1.4527      7.13    1.4777      0.00
  371    1.3133     28.82    1.4506      8.16    1.4770      0.00
  372    1.3133     30.98    1.4484      9.23    1.4763      0.00
  373    1.3133     33.03    1.4460     10.33    1.4753      0.00
  374    1.3133     34.99    1.4434     11.47    1.4743      0.00
  375    1.3133     36.84    1.4406     12.64    1.4730      0.00
  376    1.3133     38.59    1.4377     13.84    1.4716      0.00
  377    1.3133     40.25    1.4346     15.07    1.4699      0.00
  378    1.3133     41.81    1.4315     16.33    1.4681      0.00
  379    1.3133     43.28    1.4281     17.60    1.4660      0.00
  380    1.3133     44.67    1.4247     18.89    1.4637      0.00
  381    1.3133     45.98    1.4211     20.20    1.4612      0.00
  382    1.3133     47.20    1.4175     21.51    1.4584      0.00
  383    1.3133     48.36    1.4138     22.82    1.4554      0.00
  384    1.3133     49.44    1.4099     24.13    1.4521      0.00
  385    1.3133     50.45    1.4061     25.42    1.4486      0.00
  386    1.3133     51.40    1.4021     26.70    1.4448      0.00
  387    1.3133     52.28    1.3982     27.95    1.4407      0.00
  388    1.3133     53.11    1.3941     29.18    1.4364      0.00
  389    1.3133     53.88    1.3901     30.36    1.4318      0.00
  390    1.3133     54.60    1.3860     31.51    1.4270      0.00
  391    1.3133     55.26    1.3820     32.61    1.4219      0.00
  392    1.3133     55.88    1.3779     33.65    1.4166      0.00
  393    1.3133     56.45    1.3738     34.64    1.4111      0.00
  394    1.3133     56.98    1.3697     35.57    1.4053      0.00
  395    1.3133     57.46    1.3656     36.43    1.3994      0.00
  396    1.3133     57.90    1.3615     37.23    1.3932      0.00
  397    1.3133     58.30    1.3575     37.96    1.3869      0.00
  398    1.3133     58.66    1.3534     38.61    1.3804      0.00
  399    1.3133     58.98    1.3493     39.19    1.3738      0.00
  400    1.3133     59.26    1.3452     39.68    1.3671      0.00
  401    1.3133     59.50    1.3412     40.10    1.3603      0.00
  402    1.3133     59.70    1.3371     40.44    1.3534      0.00
  403    1.3133     59.86    1.3331     40.70    1.3465      0.00
  404    1.3133     59.98    1.3290     40.87    1.3395      0.00
  405    1.3133     60.05    1.3250     40.97    1.3326      0.00
  406    1.3133     60.09    1.3209     40.99    1.3256      0.00
  407    1.3133     60.08    1.3169     40.92    1.3187      0.00
  408    1.3133     60.02    1.3128     40.78    1.3119      0.00
  409    1.3133     59.92    1.3088     40.56    1.3052      0.00
  410    1.3133     59.76    1.3048     40.27    1.2985      0.00
  411    1.3133     59.56    1.3008     39.91    1.2920      0.00
  412    1.3133     59.30    1.2968     39.48    1.2856      0.00
  413    1.3133     58.99    1.2928     38.98    1.2793      0.00
  414    1.3133     58.62    1.2888     38.42    1.2732      0.00
  415    1.3133     58.19    1.2848     37.80    1.2673      0.00
  416    1.3133     57.70    1.2808     37.13    1.2616      0.00
  417    1.3133     57.15    1.2769     36.40    1.2560      0.00
  418    1.3133     56.53    1.2730     35.62    1.2506      0.00
  419    1.3133     55.84    1.2691     34.80    1.2454      0.00
  420    1.3133     55.08    1.2652     33.95    1.2404      0.00
  421    1.3133     54.26    1.2614     33.05    1.2357      0.00
  422    1.3133     53.36    1.2577     32.12    1.2311      0.00
  423    1.3133     52.39    1.2540     31.16    1.2268      0.00
  424    1.3133     51.35    1.2503     30.18    1.2226      0.00
  425    1.3133     50.23    1.2467     29.17    1.2187      0.00
  426    1.3133     49.04    1.2432     28.15    1.2149      0.00
  427    1.3133     47.77    1.2398     27.11    1.2114      0.00
  428    1.3133     46.44    1.2365     26.06    1.2080      0.00
  429    1.3133     45.03    1.2332     25.01    1.2048      0.00
  430    1.3133     43.55    1.2300     23.94    1.2018      0.00
  431    1.3133     42.00    1.2270     22.87    1.1990      0.00
  432    1.3133     40.39    1.2240     21.80    1.1964      0.00
  433    1.3133     38.70    1.2212     20.72    1.1939      0.00
  434    1.3133     36.96    1.2185     19.65    1.1916      0.00
  435    1.3133     35.15    1.2159     18.58    1.1894      0.00
  436    1.3133     33.28    1.2134     17.51    1.1874      0.00
  437    1.3133     31.36    1.2111     16.44    1.1855      0.00
  438    1.3133     29.39    1.2089     15.38    1.1838      0.00
  439    1.3133     27.38    1.2069     14.31    1.1822      0.00
  440    1.3133     25.32    1.2050     13.26    1.1807      0.00
  441    1.3133     23.22    1.2033     12.20    1.1794      0.00
  442    1.3133     21.09    1.2017     11.14    1.1781      0.00
  443    1.3133     18.93    1.2003     10.08    1.1770      0.00
  444    1.3133     16.76    1.1991      9.03    1.1760      0.00
  445    1.3133     14.56    1.1980      7.97    1.1751      0.00
  446    1.3133     12.34    1.1971      6.91    1.1742      0.00
  447    1.3133     10.11    1.1964      5.85    1.1735      0.00
  448    1.3133      7.88    1.1958      4.78    1.1729      0.00
  449    1.3133      5.64    1.1954      3.70    1.1724      0.00
  450    1.3133      3.40    1.1952      2.62    1.1720      0.00
  451    1.3133      1.17    1.1951      1.53    1.1717      0.00
  452    1.3132     -0.97    1.1952      0.43    1.1715      0.00
  453    1.3132     -3.08    1.1955     -0.68    1.1714      0.00
  454    1.3132     -5.20    1.1960     -1.80    1.1715      0.00
  455    1.3131     -7.31    1.1966     -2.92    1.1716      0.00
  456    1.3130     -9.40    1.1974     -4.06    1.1719      0.00
  457    1.3129    -11.45    1.1983     -5.22    1.1723      0.00
  458    1.3128    -13.47    1.1995     -6.38    1.1728      0.00
  459    1.3126    -15.45    1.2007     -7.55    1.1734      0.00
  460    1.3125    -17.39    1.2021     -8.73    1.1742      0.00
  461    1.3123    -19.28    1.2037     -9.92    1.1751      0.00
  462    1.3121    -21.13    1.2054    -11.11    1.1762      0.00
  463    1.3119    -22.92    1.2072    -12.31    1.1775      0.00
  464    1.3117    -24.66    1.2091    -13.51    1.1789      0.00
  465    1.3114    -26.35    1.2112    -14.71    1.1805      0.00
  466    1.3112    -27.99    1.2134    -15.91    1.1823      0.00
  467    1.3110    -29.57    1.2157    -17.11    1.1842      0.00
  468    1.3107    -31.10    1.2181    -18.30    1.1864      0.00
  469    1.3105    -32.57    1.2206    -19.47    1.1887      0.00
  470    1.3102    -33.99    1.2232    -20.64    1.1913      0.00
  471    1.3100    -35.35    1.2259    -21.78    1.1940      0.00
  472    1.3097    -36.65    1.2286    -22.90    1.1969      0.00
  473    1.3095    -37.90    1.2315    -24.00    1.2001      0.00
  474    1.3093    -39.10    1.2343    -25.06    1.2035      0.00
  475    1.3090    -40.24    1.2373    -26.09    1.2070      0.00
  476    1.3088    -41.32    1.2402    -27.09    1.2108      0.00
  477    1.3086    -42.36    1.2433    -28.04    1.2148      0.00
  478    1.3083    -43.34    1.2463    -28.95    1.2190      0.00
  479    1.3081    -44.26    1.2494    -29.82    1.2242      0.33
  480    1.3079    -45.14    1.2526    -30.64    1.2323      2.06
  481    1.3077    -45.97    1.2558    -31.40    1.2407      3.78
  482    1.3075    -46.75    1.2590    -32.11    1.2494      5.49
  483    1.3074    -47.48    1.2622    -32.77    1.2584      7.19
  484    1.3072    -48.16    1.2655    -33.37    1.2677      8.87
  485    1.3070    -48.80    1.2688    -33.90    1.2791     11.51
  486    1.3069    -49.39    1.2721    -34.38    1.2922     14.84
  487    1.3067    -49.93    1.2754    -34.79    1.3055     18.14
  488    1.3066    -50.43    1.2788    -35.13    1.3202     21.94
  489    1.3065    -50.88    1.2822    -35.41    1.3353     25.86
  490    1.3064    -51.29    1.2856    -35.63    1.3505     29.74
  491    1.3063    -51.65    1.2891    -35.77    1.3689     34.90
  492    1.3062    -51.97    1.2926    -35.83    1.3887     40.64
  493    1.3061    -52.25    1.2963    -35.79    1.4085     46.29
  494    1.3061    -52.48    1.3000    -35.64    1.4335     54.05
  495    1.3060    -52.67    1.3040    -35.35    1.4593     62.03
  496    1.3060    -52.82    1.3083    -34.90    1.4853     69.96
  497    1.3059    -52.93    1.3129    -34.26    1.5158     79.60
  498    1.3059    -52.99    1.3178    -33.41    1.5460     89.04
  499    1.3059    -53.01    1.3233    -32.33    1.5768     98.64
  500    1.3059    -52.98    1.3293    -30.98    1.6101    109.11
  501    1.3059    -52.91    1.3359    -29.34    1.6429    119.37
  502    1.3060    -52.79    1.3432    -27.39    1.6769    130.03
  503    1.3060    -52.63    1.3513    -25.10    1.7124    141.24
  504    1.3061    -52.41    1.3601    -22.46    1.7473    152.25
  505    1.3062    -52.15    1.3700    -19.42    1.7848    164.14
  506    1.3062    -51.84    1.3808    -15.97    1.8236    176.47
  507    1.3063    -51.47    1.3929    -12.04    1.8619    188.61
  508    1.3064    -51.06    1.4064     -7.56    1.8983    200.14
  509    1.3066    -50.59    1.4214     -2.48    1.9310    210.50
  510    1.3067    -50.06    1.4384      3.27    1.9624    220.54
  511    1.3069    -49.46    1.4573      9.76    1.9956    231.25
  512    1.3070    -48.81    1.4786     17.03    2.0276    241.64
  513    1.3072    -48.08    1.5022     25.10    2.0589    251.85
  514    1.3074    -47.27    1.5284     33.98    2.0907    262.26
  515    1.3076    -46.37    1.5572     43.64    2.1213    272.38
  516    1.3079    -45.38    1.5885     54.04    2.1497    281.97
  517    1.3081    -44.26    1.6224     65.13    2.1753    290.91
  518    1.3084    -43.01    1.6587     76.82    2.1996    299.64
  519    1.3087    -41.60    1.6973     89.02    2.2242    308.51
  520    1.3091    -40.00    1.7378    101.56    2.2563    319.51
  521    1.3094    -38.17    1.7795    114.23    2.2892    330.71
  522    1.3098    -36.09    1.8218    126.80    2.3217    341.75
  523    1.3103    -33.70    1.8641    139.11    2.3535    352.63
  524    1.3107    -30.94    1.9060    151.03    2.3868    363.54
  525    1.3112    -27.76    1.9472    162.52    2.4208    374.73
  526    1.3117    -24.07    1.9877    173.56    2.4552    386.14
  527    1.3122    -19.77    2.0273    184.12    2.4903    397.70
  528    1.3127    -14.74    2.0657    194.16    2.5251    409.17
  529    1.3130     -8.83    2.1027    203.64    2.5606    420.84
  530    1.3132     -1.85    2.1387    212.67    2.5444    420.86
  531    1.3133      6.39    2.1745    221.48    2.5119    417.48
  532    1.3133     16.06    2.2102    230.13    2.4725    412.79
  533    1.3133     27.41    2.2462    238.69    2.4298    407.34
  534    1.3133     40.83    2.2824    247.13    2.3872    401.72
  535    1.3133     56.54    2.3193    255.47    2.3429    395.34
  536    1.3133     74.85    2.3567    263.84    2.2950    387.51
  537    1.3133     96.07    2.3949    272.26    2.2483    379.34
  538    1.3133    120.36    2.4342    280.77    2.2032    370.77
  539    1.3133    147.83    2.4744    289.33    2.1597    361.82
  540    1.3133    178.21    2.5105    296.83    2.1179    352.50
  541    1.3133    211.01    2.5354    301.70    2.0777    342.84
  542    1.3133    245.33    2.5458    303.31    2.0389    332.82
  543    1.3133    280.27    2.5432    301.98    2.0016    322.46
  544    1.3133    314.91    2.5312    298.55    1.9657    311.84
  545    1.3133    348.55    2.5131    293.78    1.9313    301.34
  546    1.3133    380.63    2.4910    288.11    1.8985    290.60
  547    1.3133    410.89    2.4660    281.82    1.8672    279.76
  548    1.3133    439.36    2.4389    275.10    1.8371    268.81
  549    1.3133    466.26    2.4104    268.11    1.8085    257.81
  550    1.3133    492.04    2.3812    261.00    1.7811    246.78
  551    1.3133    517.06    2.3513    253.85    1.7553    235.78
  552    1.3133    541.60    2.3202    246.53    1.7309    224.81
  553    1.3133    565.52    2.2882    239.14    1.7078    213.91
  554    1.3133    587.86    2.2554    231.87    1.6864    203.23
  555    1.3133    607.06    2.2222    224.68    1.6667    192.73
  556    1.3133    621.55    2.1889    217.65    1.6481    182.32
  557    1.3133    630.57    2.1552    210.87    1.6307    172.02
  558    1.3133    634.27    2.1213    204.36    1.6145    161.86
  559    1.3133    633.45    2.0871    198.10    1.5994    151.83
  560    1.3133    629.08    2.0526    192.18    1.5855    141.97
  561    1.3133    622.07    2.0178    186.60    1.5726    132.29
  562    1.3133    613.13    1.9827    181.42    1.5609    122.87
  563    1.3133    602.81    1.9475    176.61    1.5502    113.69
  564    1.3133    591.48    1.9121    172.24    1.5405    104.80
  565    1.3133    579.41    1.8766    168.29    1.5318     96.24
  566    1.3133    566.77    1.8411    164.80    1.5241     88.06
  567    1.3133    553.69    1.8057    161.74    1.5172     80.31
  568    1.3133    540.29    1.7703    159.09    1.5112     73.06
  569    1.3133    526.65    1.7352    156.89    1.5060     66.33
  570    1.3133    512.79    1.7004    155.09    1.5015     60.19
  571    1.3133    498.86    1.6659    153.67    1.4980     54.79
  572    1.3133    484.88    1.6318    152.62    1.4951     50.04
  573    1.3133    470.89    1.5981    151.88    1.4926     45.96
  574    1.3133    456.94    1.5650    151.44    1.4906     42.61
  575    1.3133    443.03    1.5324    151.29    1.4890     40.00
  576    1.3133    429.27    1.5005    151.40    1.4877     38.14
  577    1.3133    415.61    1.4692    151.77    1.4866     37.04
  578    1.3133    402.07    1.4387    152.38    1.4856     36.68
  579    1.3133    388.69    1.4091    153.16    1.4846     37.04
  580    1.3133    375.56    1.3803    154.19    1.4835     38.08
  581    1.3133    362.60    1.3524    155.44    1.4821     39.76
  582    1.3133    349.85    1.3254    156.89    1.4802     42.00
  583    1.3133    337.35    1.2994    158.54    1.4778     44.78
  584    1.3133    325.33    1.2743    160.41    1.4747     48.04
  585    1.3133    313.63    1.2503    162.50    1.4707     51.69
  586    1.3133    302.12    1.2274    164.79    1.4659     55.68
  587    1.3133    290.65    1.2055    167.30    1.4601     59.93
  588    1.3133    279.28    1.1847    170.03    1.4533     64.38
  589    1.3133    268.06    1.1651    172.97    1.4454     68.99
  590    1.3133    257.04    1.1466    176.12    1.4364     73.69
  591    1.3133    246.24    1.1292    179.47    1.4264     78.45
  592    1.3133    235.66    1.1129    183.03    1.4154     83.21
  593    1.3133    225.32    1.0978    186.77    1.4033     87.93
  594    1.3133    215.21    1.0837    190.67    1.3903     92.57
  595    1.3133    205.36    1.0708    194.71    1.3763     97.12
  596    1.3133    195.78    1.0588    198.85    1.3615    101.53
  597    1.3133    186.47    1.0479    203.05    1.3460    105.79
  598    1.3133    177.44    1.0380    207.26    1.3298    109.91
  599    1.3133    168.72    1.0289    211.42    1.3129    113.85
  600    1.3133    160.31    1.0207    215.47    1.2955    117.62
  601    1.3133    152.24    1.0133    219.33    1.2776    121.20
  602    1.3133    144.52    1.0066    222.93    1.2593    124.59
  603    1.3133    137.17    1.0006    226.19    1.2407    127.78
  604    1.3133    130.20    0.9952    229.05    1.2218    130.78
  605    1.3133    123.64    0.9905    231.42    1.2026    133.59
  606    1.3133    117.51    0.9865    233.24    1.1834    136.21
  607    1.3133    111.82    0.9831    234.41    1.1640    138.65
  608    1.3133    106.57    0.9803    234.91    1.1445    140.89
  609    1.3133    101.79    0.9783    234.65    1.1251    142.95
  610    1.3133     97.48    0.9771    233.57    1.1057    144.82
  611    1.3133     93.64    0.9767    231.62    1.0864    146.51
  612    1.3133     90.27    0.9773    228.76    1.0673    148.02
  613    1.3133     87.35    0.9790    224.95    1.0483    149.36
  614    1.3133     84.88    0.9817    220.16    1.0295    150.53
  615    1.3133     82.84    0.9855    214.39    1.0110    151.54
  616    1.3133     81.19    0.9905    207.67    0.9927    152.37
  617    1.3133     79.89    0.9966    200.04    0.9747    153.03
  618    1.3133     78.90    1.0038    191.56    0.9570    153.54
  619    1.3133     78.16    1.0120    182.32    0.9397    153.87
  620    1.3133     77.61    1.0210    172.46    0.9228    154.05
  621    1.3133     77.21    1.0306    162.09    0.9062    154.05
  622    1.3133     76.88    1.0406    151.38    0.8901    153.87
  623    1.3133     76.57    1.0507    140.47    0.8744    153.53
  624    1.3133     76.23    1.0607    129.52    0.8591    152.99
  625    1.3133     75.79    1.0703    118.65    0.8444    152.27
  626    1.3133     75.22    1.0794    107.99    0.8301    151.34
  627    1.3133     74.47    1.0878     97.62    0.8164    150.17
  628    1.3133     73.50    1.0953     87.62    0.8033    148.76
  629    1.3133     72.30    1.1018     78.05    0.7908    147.09
  630    1.3133     70.85    1.1074     68.92    0.7789    145.10
  631    1.3133     69.12    1.1119     60.26    0.7678    142.78
  632    1.3133     67.11    1.1154     52.07    0.7574    140.08
  633    1.3133     64.83    1.1180     44.35    0.7479    136.92
  634    1.3133     62.26    1.1196     37.08    0.7392    133.22
  635    1.3133     59.43    1.1203     30.22    0.7316    128.93
  636    1.3133     56.34    1.1201     23.82    0.7251    123.92
  637    1.3133     53.00    1.1192     17.83    0.7199    118.14
  638    1.3133     49.43    1.1175     12.23    0.7161    111.43
  639    1.3133     45.63    1.1151      6.96    0.7137    103.72
  640    1.3133     41.63    1.1122      2.02    0.7131     94.85
  641    1.3133     37.44    1.1088     -2.64    0.7143     84.74
  642    1.3133     33.07    1.1050     -7.05    0.7174     73.35
  643    1.3133     28.54    1.1008    -11.23    0.7225     60.71
  644    1.3133     23.87    1.0964    -15.23    0.7297     46.84
  645    1.3133     19.07    1.0918    -19.06    0.7388     32.10
  646    1.3133     14.15    1.0870    -22.77    0.7498     16.73
  647    1.3133      9.14    1.0822    -26.36    0.7615      0.35
  648    1.3133      4.03    1.0774    -29.89    0.7791    -25.55
  649    1.3132     -0.06    1.0727    -33.36    0.8010    -30.35
  650    1.3132     -4.22    1.0681    -36.82    0.8249    -35.73
  651    1.3130     -8.78    1.0637    -40.27    0.8511    -40.14
  652    1.3128    -13.57    1.0596    -43.75    0.8793    -42.74
  653    1.3124    -18.48    1.0556    -47.27    0.9092    -43.11
  654    1.3118    -23.43    1.0520    -50.85    0.9404    -41.30
  655    1.3111    -28.39    1.0487    -54.51    0.9725    -37.55
  656    1.3103    -33.33    1.0458    -58.25    1.0051    -32.06
  657    1.3094    -38.23    1.0432    -62.08    1.0375    -25.28
  658    1.3084    -43.09    1.0410    -66.02    1.0696    -17.56
  659    1.3073    -47.88    1.0392    -70.07    1.1013     -0.65
  660    1.3060    -52.61    1.0377    -74.21    1.1356      6.16
  661    1.3047    -57.27    1.0367    -78.45    1.1544      8.37
  662    1.3033    -61.85    1.0361    -82.74    1.1804     15.45
  663    1.3018    -66.35    1.0360    -87.02    1.2047     22.70
  664    1.3002    -70.77    1.0365    -91.20    1.2269     29.79
  665    1.2986    -75.11    1.0379    -95.16    1.2472     36.52
  666    1.2969    -79.36    1.0401    -98.80    1.2655     42.80
  667    1.2951    -83.54    1.0435   -101.97    1.2820     48.60
  668    1.2933    -87.64    1.0481   -104.56    1.2969     53.90
  669    1.2914    -91.65    1.0543   -106.41    1.3102     58.70
  670    1.2895    -95.59    1.0622   -107.42    1.3222     63.00
  671    1.2876    -99.45    1.0720   -107.49    1.3330     66.82
  672    1.2856   -103.23    1.0840   -106.55    1.3428     70.17
  673    1.2836   -106.93    1.0982   -104.56    1.3517     73.09
  674    1.2816   -110.55    1.1147   -101.53    1.3599     75.58
  675    1.2795   -114.10    1.1333    -97.53    1.3676     77.70
  676    1.2775   -117.57    1.1540    -92.65    1.3750     79.49
  677    1.2754   -120.97    1.1764    -87.02    1.3821     80.94
  678    1.2733   -124.30    1.2003    -80.78    1.3889     82.08
  679    1.2712   -127.56    1.2254    -74.11    1.3957     82.93
  680    1.2691   -130.74    1.2512    -67.17    1.4025     83.53
  681    1.2670   -133.86    1.2774    -60.14    1.4092     83.87
  682    1.2649   -136.90    1.3035    -53.17    1.4156     83.83
  683    1.2628   -139.90    1.3292    -46.42    1.4213     83.35
  684    1.2608   -142.80    1.3541    -40.02    1.4266     82.47
  685    1.2587   -145.61    1.3780    -34.05    1.4316     81.26
  686    1.2567   -148.32    1.4005    -28.59    1.4361     79.73
  687    1.2547   -150.92    1.4216    -23.66    1.4404     77.91
  688    1.2528   -153.38    1.4413    -19.28    1.4447     75.90
  689    1.2510   -155.70    1.4594    -15.44    1.4489     73.73
  690    1.2493   -157.86    1.4761    -12.10    1.4530     71.40
  691    1.2477   -159.85    1.4915     -9.23    1.4572     68.97
  692    1.2463   -161.61    1.5056     -6.78    1.4614     66.46
  693    1.2451   -163.10    1.5185     -4.71    1.4658     63.92
  694    1.2441   -164.28    1.5306     -2.95    1.4703     61.34
  695    1.2435   -165.09    1.5417     -1.50    1.4748     58.73
  696    1.2431   -165.49    1.5520     -0.33    1.4795     56.12
  697    1.2432   -165.39    1.5616      0.57    1.4842     53.54
  698    1.2438   -164.74    1.5706      1.22    1.4891     50.98
  699    1.2448   -163.45    1.5789      1.61    1.4940     48.44
  700    1.2465   -161.42    1.5866      1.76    1.4987     45.90
  701    1.2488   -158.58    1.5938      1.67    1.5180     48.08
  702    1.2517   -154.81    1.6005      1.35    1.5290     47.89
  703    1.2554   -150.03    1.6069      0.82    1.5249     42.64
  704    1.2598   -144.14    1.6128      0.09    1.5226     38.08
  705    1.2648   -137.08    1.6184     -0.82    1.5215     34.03
  706    1.2704   -128.79    1.6238     -1.88    1.5212     30.29
  707    1.2765   -119.26    1.6289     -3.08    1.5215     26.83
  708    1.2827   -108.53    1.6338     -4.39    1.5218     23.37
  709    1.2890    -96.59    1.6385     -5.78    1.5222     19.99
  710    1.2950    -83.70    1.6431     -7.22    1.5229     16.74
  711    1.3005    -70.07    1.6475     -8.69    1.5236     13.51
  712    1.3051    -55.94    1.6518    -10.14    1.5243     10.29
  713    1.3087    -41.57    1.6560    -11.50    1.5246      7.03
  714    1.3113    -27.25    1.6602    -12.72    1.5239      3.41
  715    1.3128    -13.25    1.6643    -13.79    1.5214     -2.65
  716    1.3133      0.24    1.6681    -14.69    1.5216     -5.16
  717    1.3133     12.80    1.6715    -15.46    1.5229     -7.72
  718    1.3133     24.23    1.6742    -16.11    1.5261     -9.93
  719    1.3133     34.57    1.6761    -16.67    1.5313    -11.62
  720    1.3133     43.77    1.6769    -17.15    1.5386    -12.72
    1    1.3133     51.88    1.6765    -17.54    1.5467    -13.59
    2    1.3133     58.99    1.6748    -17.81    1.5564    -14.02
    3    1.3133     65.19    1.6719    -17.92    1.5676    -13.94
    4    1.3133     70.55    1.6676    -17.85    1.5778    -14.22
    5    1.3133     75.23    1.6620    -17.56    1.5890    -14.17
    6    1.3133     79.29    1.6552    -17.04    1.6009    -13.88
    7    1.3133     82.83    1.6470    -16.25    1.6124    -13.67
    8    1.3133     85.91    1.6375    -15.19    1.6244    -13.25
    9    1.3133     88.61    1.6269    -13.84    1.6366    -12.70
   10    1.3133     90.98    1.6152    -12.18    1.6485    -12.16
   11    1.3133     93.09    1.6025    -10.17    1.6602    -11.55
   12    1.3133     94.98    1.5892     -7.79    1.6714    -10.88
   13    1.3133     96.69    1.5754     -5.03    1.6822    -10.16
   14    1.3133     98.25    1.5615     -1.90    1.6921     -9.41
   15    1.3133     99.70    1.5476      1.63    1.7011     -8.66
   16    1.3133    101.04    1.5340      5.54    1.7089     -7.91
   17    1.3133    102.28    1.5208      9.81    1.7155     -7.16
   18    1.3133    103.42    1.5081     14.42    1.7197     -6.64
   19    1.3133    104.44    1.4962     19.32    1.7223     -6.14
   20    1.3133    105.31    1.4851     24.47    1.7232     -5.63
   21    1.3133    106.02    1.4747     29.81    1.7224     -5.13
   22    1.3133    106.54    1.4652     35.28    1.7196     -4.62
   23    1.3133    106.86    1.4565     40.84    1.7150     -4.13
   24    1.3133    106.95    1.4487     46.41    1.7082     -3.66
   25    1.3133    106.81    1.4415     51.95    1.6996     -3.20
   26    1.3133    106.44    1.4351     57.41    1.6891     -2.73
   27    1.3133    105.84    1.4293     62.75    1.6769     -2.22
   28    1.3133    105.02    1.4240     67.91    1.6630     -1.71
   29    1.3133    104.02    1.4191     72.84    1.6472     -1.31
   30    1.3133    102.86    1.4146     77.51    1.6294     -1.06
   31    1.3133    101.60    1.4103     81.87    1.6105     -0.80
   32    1.3133    100.26    1.4062     85.89    1.5905     -0.55
   33    1.3133     98.93    1.4020     89.52    1.5697     -0.30
   34    1.3133     97.64    1.3978     92.75    1.5483     -0.05
   35    1.3133     96.45    1.3934     95.57    1.5258      0.00
   36    1.3133     95.43    1.3888     97.95    1.5028      0.00
   37    1.3133     94.62    1.3839     99.89    1.4796      0.00
   38    1.3133     94.07    1.3787    101.41    1.4565      0.00
   39    1.3133     93.82    1.3731    102.49    1.4336      0.00
   40    1.3133     93.90    1.3672    103.16    1.4110      0.00
   41    1.3133     94.32    1.3609    103.41    1.3888      0.00
   42    1.3133     95.10    1.3543    103.26    1.3671      0.00
   43    1.3133     96.21    1.3473    102.73    1.3460      0.00
   44    1.3133     97.65    1.3399    101.83    1.3256      0.00
   45    1.3133     99.39    1.3324    100.60    1.3059      0.00
   46    1.3133    101.37    1.3246     99.08    1.2871      0.00
   47    1.3133    103.54    1.3168     97.31    1.2691      0.00
   48    1.3133    105.85    1.3090     95.30    1.2519      0.00
   49    1.3133    108.23    1.3011     93.07    1.2357      0.00
   50    1.3133    110.59    1.2933     90.63    1.2203      0.00
   51    1.3133    112.88    1.2855     87.97    1.2058      0.00
   52    1.3133    115.00    1.2777     85.09    1.1922      0.00
   53    1.3133    116.91    1.2699     82.00    1.1794      0.00
   54    1.3133    118.52    1.2622     78.71    1.1676      0.00
   55    1.3133    119.78    1.2544     75.26    1.1566      0.00
   56    1.3133    120.65    1.2468     71.67    1.1464      0.00
   57    1.3133    121.10    1.2393     67.96    1.1370      0.00
   58    1.3133    121.09    1.2318     64.19    1.1284      0.00
   59    1.3133    120.62    1.2245     60.37    1.1206      0.00
   60    1.3133    119.67    1.2173     56.55    1.1135      0.00
   61    1.3133    118.25    1.2103     52.76    1.1071      0.00
   62    1.3133    116.37    1.2033     49.05    1.1014      0.00
   63    1.3133    114.06    1.1965     45.43    1.0963      0.00
   64    1.3133    111.34    1.1897     41.95    1.0918      0.00
   65    1.3133    108.24    1.1829     38.63    1.0879      0.00
   66    1.3133    104.79    1.1762     35.50    1.0846      0.00
   67    1.3133    101.02    1.1695     32.57    1.0818      0.00
   68    1.3133     96.96    1.1629     29.85    1.0796      0.00
   69    1.3133     92.62    1.1562     27.36    1.0778      0.00
   70    1.3133     88.05    1.1496     25.10    1.0766      0.00
   71    1.3133     83.25    1.1431     23.06    1.0758      0.00
   72    1.3133     78.25    1.1366     21.24    1.0755      0.00
   73    1.3133     73.07    1.1302     19.62    1.0756      0.00
   74    1.3133     67.72    1.1240     18.19    1.0761      0.00
   75    1.3133     62.24    1.1180     16.93    1.0770      0.00
   76    1.3133     56.64    1.1122     15.82    1.0781      0.00
   77    1.3133     50.95    1.1066     14.83    1.0796      0.00
   78    1.3133     45.20    1.1014     13.93    1.0812      0.00
   79    1.3133     39.40    1.0966     13.10    1.0830      0.00
   80    1.3133     33.59    1.0922     12.31    1.0849      0.00
   81    1.3133     27.77    1.0883     11.53    1.0867      0.00
   82    1.3133     21.98    1.0849     10.75    1.0885      0.00
   83    1.3133     16.21    1.0820      9.93    1.0901      0.00
   84    1.3133     10.50    1.0797      9.05    1.0915      0.00
   85    1.3133      4.86    1.0781      8.09    1.0926      0.00
   86    1.3132     -0.08    1.0771      7.04    1.0933      0.00
   87    1.3132     -4.88    1.0767      5.87    1.0937      0.00
   88    1.3130     -9.79    1.0770      4.57    1.0936      0.00
   89    1.3127    -14.70    1.0780      3.14    1.0931      0.00
   90    1.3123    -19.52    1.0797      1.57    1.0922      0.00
   91    1.3117    -24.22    1.0821     -0.14    1.0909      0.00
   92    1.3111    -28.77    1.0851     -1.99    1.0892      0.00
   93    1.3104    -33.15    1.0887     -3.98    1.0872      0.00
   94    1.3096    -37.37    1.0930     -6.09    1.0848      0.00
   95    1.3088    -41.40    1.0978     -8.32    1.0823      0.00
   96    1.3079    -45.26    1.1031    -10.68    1.0797      0.00
   97    1.3070    -48.94    1.1089    -13.15    1.0770      0.00
   98    1.3061    -52.44    1.1151    -15.72    1.0744      0.00
   99    1.3051    -55.77    1.1217    -18.38    1.0720      0.00
  100    1.3042    -58.93    1.1286    -21.11    1.0698      0.00
  101    1.3033    -61.91    1.1358    -23.91    1.0679      0.00
  102    1.3023    -64.72    1.1430    -26.76    1.0665      0.00
  103    1.3014    -67.37    1.1504    -29.64    1.0656      0.00
  104    1.3005    -69.86    1.1577    -32.53    1.0653      0.00
  105    1.2997    -72.19    1.1650    -35.42    1.0658      0.00
  106    1.2989    -74.36    1.1721    -38.29    1.0670      0.00
  107    1.2981    -76.39    1.1791    -41.14    1.0691      0.00
  108    1.2973    -78.26    1.1859    -43.95    1.0721      0.00
  109    1.2966    -79.99    1.1924    -46.72    1.0761      0.00
  110    1.2959    -81.57    1.1987    -49.44    1.0812      0.00
  111    1.2953    -83.02    1.2047    -52.10    1.0873      0.00
  112    1.2948    -84.33    1.2104    -54.69    1.0945      0.00
  113    1.2942    -85.50    1.2159    -57.20    1.1028      0.00
  114    1.2938    -86.55    1.2211    -59.62    1.1122      0.00
  115    1.2934    -87.48    1.2260    -61.94    1.1227      0.00
  116    1.2930    -88.28    1.2307    -64.17    1.1343      0.00
  117    1.2927    -88.97    1.2352    -66.26    1.1468      0.00
  118    1.2924    -89.55    1.2395    -68.21    1.1602      0.00
  119    1.2922    -90.03    1.2437    -70.02    1.1744      0.00
  120    1.2920    -90.41    1.2477    -71.68    1.1893      0.00
  121    1.2919    -90.69    1.2516    -73.17    1.2048      0.00
  122    1.2918    -90.89    1.2555    -74.50    1.2207      0.00
  123    1.2917    -91.02    1.2593    -75.64    1.2369      0.00
  124    1.2917    -91.08    1.2632    -76.60    1.2533      0.00
  125    1.2917    -91.08    1.2672    -77.36    1.2697      0.00
  126    1.2917    -91.02    1.2712    -77.92    1.2860      0.00
  127    1.2918    -90.93    1.2754    -78.26    1.3021      0.00
  128    1.2918    -90.81    1.2798    -78.39    1.3179      0.00
  129    1.2919    -90.66    1.2844    -78.27    1.3333      0.00
  130    1.2920    -90.49    1.2893    -77.93    1.3481      0.00
  131    1.2921    -90.32    1.2944    -77.35    1.3624      0.00
  132    1.2921    -90.14    1.2998    -76.53    1.3761      0.00
  133    1.2922    -89.97    1.3056    -75.46    1.3892      0.00
  134    1.2923    -89.80    1.3116    -74.15    1.4015      0.00
  135    1.2924    -89.65    1.3180    -72.61    1.4132      0.00
  136    1.2924    -89.52    1.3247    -70.83    1.4242      0.00
  137    1.2925    -89.40    1.3317    -68.83    1.4344      0.00
  138    1.2925    -89.29    1.3391    -66.62    1.4440      0.00
  139    1.2926    -89.20    1.3467    -64.23    1.4529      0.00
  140    1.2926    -89.12    1.3545    -61.67    1.4611      0.00
  141    1.2926    -89.04    1.3625    -58.96    1.4687      0.00
  142    1.2927    -88.96    1.3707    -56.13    1.4757      0.00
  143    1.2927    -88.88    1.3790    -53.22    1.4822      0.00
  144    1.2928    -88.77    1.3873    -50.24    1.4881      0.00
  145    1.2928    -88.64    1.3956    -47.22    1.4934      0.00
  146    1.2929    -88.47    1.4038    -44.20    1.4983      0.00
  147    1.2930    -88.25    1.4120    -41.20    1.5028      0.00
  148    1.2931    -87.97    1.4199    -38.25    1.5068      0.00
  149    1.2933    -87.61    1.4277    -35.36    1.5103      0.00
  150    1.2935    -87.15    1.4352    -32.56    1.5135      0.00
  151    1.2938    -86.59    1.4424    -29.87    1.5164      0.00
  152    1.2941    -85.90    1.4494    -27.30    1.5189      0.00
  153    1.2944    -85.07    1.4560    -24.87    1.5210      0.00
  154    1.2949    -84.08    1.4623    -22.57    1.5229      0.00
  155    1.2954    -82.91    1.4683    -20.42    1.5245      0.00
  156    1.2960    -81.54    1.4739    -18.42    1.5258      0.00
  157    1.2966    -79.96    1.4792    -16.57    1.5269      0.00
  158    1.2974    -78.16    1.4842    -14.87    1.5277      0.00
  159    1.2982    -76.10    1.4889    -13.32    1.5284      0.00
  160    1.2991    -73.79    1.4933    -11.91    1.5289      0.00
  161    1.3000    -71.20    1.4974    -10.64    1.5291      0.00
  162    1.3011    -68.33    1.5012     -9.50    1.5293      0.00
  163    1.3022    -65.17    1.5048     -8.48    1.5293      0.00
  164    1.3033    -61.71    1.5081     -7.58    1.5292      0.00
  165    1.3045    -57.96    1.5112     -6.78    1.5291      0.00
  166    1.3057    -53.92    1.5140     -6.07    1.5288      0.00
  167    1.3068    -49.60    1.5166     -5.45    1.5285      0.00
  168    1.3080    -45.02    1.5190     -4.90    1.5282      0.00
  169    1.3090    -40.21    1.5211     -4.42    1.5279      0.00
  170    1.3100    -35.17    1.5231     -3.99    1.5276      0.00
  171    1.3109    -29.95    1.5247     -3.60    1.5273      0.00
  172    1.3117    -24.59    1.5262     -3.25    1.5271      0.00
  173    1.3123    -19.11    1.5274     -2.92    1.5269      0.00
  174    1.3128    -13.57    1.5283     -2.60    1.5268      0.00
  175    1.3131     -8.01    1.5290     -2.27    1.5267      0.00
  176    1.3132     -2.47    1.5294     -1.94    1.5268      0.00
  177    1.3133      3.00    1.5295     -1.58    1.5269      0.00
  178    1.3133      8.34    1.5293     -1.18    1.5271      0.00
  179    1.3133     13.50    1.5289     -0.74    1.5275      0.00
  180    1.3133     18.45    1.5281     -0.25    1.5279      0.00
  181    1.3133     23.16    1.5270      0.31    1.5284      0.00
  182    1.3133     27.63    1.5255      0.94    1.5290      0.00
  183    1.3133     31.85    1.5237      1.65    1.5297      0.00
  184    1.3133     35.81    1.5216      2.46    1.5304      0.00
  185    1.3133     39.51    1.5191      3.36    1.5311      0.00
  186    1.3133     42.97    1.5163      4.37    1.5318      0.00
  187    1.3133     46.19    1.5132      5.48    1.5325      0.00
  188    1.3133     49.17    1.5097      6.70    1.5332      0.00
  189    1.3133     51.93    1.5059      8.03    1.5338      0.00
  190    1.3133     54.47    1.5017      9.46    1.5342      0.00
  191    1.3133     56.82    1.4973     11.01    1.5345      0.00
  192    1.3133     58.98    1.4926     12.67    1.5346      0.00
  193    1.3133     60.97    1.4876     14.43    1.5345      0.00
  194    1.3133     62.79    1.4824     16.29    1.5341      0.00
  195    1.3133     64.47    1.4770     18.23    1.5334      0.00
  196    1.3133     66.00    1.4714     20.26    1.5323      0.00
  197    1.3133     67.39    1.4657     22.36    1.5308      0.00
  198    1.3133     68.67    1.4598     24.51    1.5289      0.00
  199    1.3133     69.84    1.4538     26.72    1.5266      0.00
  200    1.3133     70.90    1.4478     28.95    1.5237      0.00
  201    1.3133     71.86    1.4417     31.20    1.5204      0.00
  202    1.3133     72.73    1.4357     33.46    1.5164      0.00
  203    1.3133     73.52    1.4296     35.70    1.5119      0.00
  204    1.3133     74.24    1.4236     37.92    1.5069      0.00
  205    1.3133     74.89    1.4177     40.10    1.5012      0.00
  206    1.3133     75.47    1.4118     42.22    1.4950      0.00
  207    1.3133     76.00    1.4060     44.28    1.4882      0.00
  208    1.3133     76.47    1.4002     46.27    1.4809      0.00
  209    1.3133     76.89    1.3946     48.16    1.4730      0.00
  210    1.3133     77.27    1.3891     49.95    1.4646      0.00
  211    1.3133     77.61    1.3836     51.63    1.4557      0.00
  212    1.3133     77.91    1.3783     53.19    1.4464      0.00
  213    1.3133     78.19    1.3730     54.62    1.4367      0.00
  214    1.3133     78.43    1.3678     55.92    1.4266      0.00
  215    1.3133     78.65    1.3626     57.08    1.4162      0.00
  216    1.3133     78.85    1.3575     58.09    1.4056      0.00
  217    1.3133     79.03    1.3524     58.94    1.3947      0.00
  218    1.3133     79.19    1.3474     59.65    1.3836      0.00
  219    1.3133     79.33    1.3424     60.19    1.3725      0.00
  220    1.3133     79.46    1.3373     60.58    1.3613      0.00
  221    1.3133     79.57    1.3323     60.81    1.3501      0.00
  222    1.3133     79.65    1.3272     60.88    1.3389      0.00
  223    1.3133     79.72    1.3222     60.80    1.3279      0.00
  224    1.3133     79.77    1.3171     60.57    1.3169      0.00
  225    1.3133     79.78    1.3119     60.19    1.3062      0.00
  226    1.3133     79.77    1.3068     59.67    1.2956      0.00
  227    1.3133     79.72    1.3015     59.01    1.2853      0.00
  228    1.3133     79.63    1.2963     58.23    1.2753      0.00
  229    1.3133     79.49    1.2910     57.32    1.2656      0.00
  230    1.3133     79.29    1.2858     56.29    1.2562      0.00
  231    1.3133     79.03    1.2804     55.15    1.2472      0.00
  232    1.3133     78.71    1.2751     53.92    1.2386      0.00
  233    1.3133     78.30    1.2698     52.59    1.2303      0.00
  234    1.3133     77.81    1.2645     51.18    1.2224      0.00
  235    1.3133     77.22    1.2591     49.70    1.2149      0.00
  236    1.3133     76.53    1.2538     48.16    1.2078      0.00
  237    1.3133     75.74    1.2486     46.56    1.2011      0.00
  238    1.3133     74.83    1.2434     44.92    1.1948      0.00
  239    1.3133     73.79    1.2382     43.24    1.1889      0.00
  240    1.3133     72.63    1.2331     41.53    1.1834      0.00
  241    1.3133     71.34    1.2280     39.81    1.1782      0.00
  242    1.3133     69.91    1.2231     38.08    1.1734      0.00
  243    1.3133     68.34    1.2182     36.34    1.1690      0.00
  244    1.3133     66.65    1.2134     34.61    1.1649      0.00
  245    1.3133     64.81    1.2087     32.89    1.1611      0.00
  246    1.3133     62.84    1.2042     31.19    1.1577      0.00
  247    1.3133     60.73    1.1998     29.52    1.1545      0.00
  248    1.3133     58.49    1.1955     27.86    1.1517      0.00
  249    1.3133     56.12    1.1914     26.24    1.1491      0.00
  250    1.3133     53.63    1.1874     24.66    1.1467      0.00
  251    1.3133     51.02    1.1836     23.11    1.1446      0.00
  252    1.3133     48.30    1.1799     21.59    1.1427      0.00
  253    1.3133     45.48    1.1765     20.13    1.1410      0.00
  254    1.3133     42.57    1.1732     18.69    1.1395      0.00
  255    1.3133     39.57    1.1702     17.28    1.1382      0.00
  256    1.3133     36.49    1.1673     15.90    1.1370      0.00
  257    1.3133     33.34    1.1647     14.56    1.1359      0.00
  258    1.3133     30.13    1.1622     13.24    1.1350      0.00
  259    1.3133     26.87    1.1600     11.94    1.1342      0.00
  260    1.3133     23.58    1.1581     10.66    1.1335      0.00
  261    1.3133     20.25    1.1564      9.40    1.1329      0.00
  262    1.3133     16.89    1.1549      8.15    1.1323      0.00
  263    1.3133     13.53    1.1538      6.89    1.1319      0.00
  264    1.3133     10.16    1.1528      5.64    1.1315      0.00
  265    1.3133      6.80    1.1522      4.38    1.1311      0.00
  266    1.3133      3.45    1.1518      3.11    1.1309      0.00
  267    1.3133      0.12    1.1518      1.82    1.1306      0.00
  268    1.3132     -3.00    1.1520      0.51    1.1305      0.00
  269    1.3132     -6.05    1.1524     -0.83    1.1304      0.00
  270    1.3130     -9.13    1.1532     -2.19    1.1303      0.00
  271    1.3129    -12.18    1.1542     -3.59    1.1303      0.00
  272    1.3126    -15.18    1.1555     -5.02    1.1304      0.00
  273    1.3124    -18.13    1.1571     -6.49    1.1306      0.00
  274    1.3121    -21.01    1.1589     -7.99    1.1309      0.00
  275    1.3118    -23.81    1.1610     -9.52    1.1313      0.00
  276    1.3114    -26.53    1.1633    -11.10    1.1318      0.00
  277    1.3110    -29.16    1.1659    -12.71    1.1324      0.00
  278    1.3106    -31.71    1.1687    -14.35    1.1332      0.00
  279    1.3102    -34.17    1.1717    -16.01    1.1342      0.00
  280    1.3098    -36.54    1.1749    -17.71    1.1354      0.00
  281    1.3093    -38.81    1.1782    -19.43    1.1368      0.00
  282    1.3089    -40.99    1.1817    -21.16    1.1384      0.00
  283    1.3084    -43.08    1.1854    -22.91    1.1403      0.00
  284    1.3079    -45.08    1.1892    -24.66    1.1425      0.00
  285    1.3075    -46.98    1.1931    -26.40    1.1450      0.00
  286    1.3070    -48.79    1.1971    -28.14    1.1478      0.00
  287    1.3066    -50.51    1.2012    -29.86    1.1509      0.00
  288    1.3062    -52.14    1.2053    -31.54    1.1544      0.00
  289    1.3057    -53.69    1.2094    -33.20    1.1582      0.00
  290    1.3053    -55.14    1.2136    -34.81    1.1624      0.00
  291    1.3049    -56.52    1.2178    -36.38    1.1671      0.00
  292    1.3045    -57.80    1.2220    -37.89    1.1721      0.00
  293    1.3042    -59.01    1.2262    -39.34    1.1775      0.00
  294    1.3038    -60.14    1.2304    -40.73    1.1832      0.00
  295    1.3035    -61.20    1.2346    -42.05    1.1894      0.00
  296    1.3032    -62.18    1.2387    -43.30    1.1960      0.00
  297    1.3029    -63.08    1.2429    -44.47    1.2029      0.00
  298    1.3026    -63.92    1.2471    -45.55    1.2102      0.00
  299    1.3023    -64.70    1.2512    -46.55    1.2178      0.00
  300    1.3021    -65.41    1.2553    -47.45    1.2257      0.00
  301    1.3019    -66.06    1.2595    -48.26    1.2339      0.00
  302    1.3017    -66.65    1.2636    -48.97    1.2423      0.00
  303    1.3015    -67.18    1.2677    -49.57    1.2509      0.00
  304    1.3013    -67.66    1.2719    -50.08    1.2596      0.00
  305    1.3012    -68.08    1.2760    -50.47    1.2685      0.00
  306    1.3010    -68.45    1.2802    -50.76    1.2775      0.00
  307    1.3009    -68.78    1.2845    -50.94    1.2866      0.00
  308    1.3008    -69.06    1.2888    -51.00    1.2956      0.00
  309    1.3007    -69.29    1.2931    -50.96    1.3046      0.00
  310    1.3007    -69.48    1.2975    -50.80    1.3135      0.00
  311    1.3006    -69.63    1.3020    -50.53    1.3224      0.00
  312    1.3006    -69.73    1.3065    -50.16    1.3310      0.00
  313    1.3006    -69.79    1.3111    -49.67    1.3395      0.00
  314    1.3006    -69.82    1.3157    -49.09    1.3478      0.00
  315    1.3006    -69.80    1.3205    -48.39    1.3559      0.00
  316    1.3006    -69.74    1.3253    -47.60    1.3637      0.00
  317    1.3006    -69.63    1.3302    -46.71    1.3713      0.00
  318    1.3007    -69.49    1.3352    -45.74    1.3786      0.00
  319    1.3007    -69.30    1.3402    -44.68    1.3856      0.00
  320    1.3008    -69.06    1.3453    -43.54    1.3923      0.00
  321    1.3009    -68.77    1.3504    -42.33    1.3987      0.00
  322    1.3010    -68.44    1.3555    -41.07    1.4048      0.00
  323    1.3012    -68.05    1.3607    -39.74    1.4106      0.00
  324    1.3013    -67.61    1.3659    -38.37    1.4161      0.00
  325    1.3015    -67.10    1.3711    -36.96    1.4213      0.00
  326    1.3017    -66.54    1.3763    -35.52    1.4262      0.00
  327    1.3019    -65.90    1.3814    -34.06    1.4308      0.00
  328    1.3022    -65.20    1.3865    -32.58    1.4351      0.00
  329    1.3024    -64.42    1.3915    -31.10    1.4392      0.00
  330    1.3027    -63.56    1.3965    -29.62    1.4430      0.00
  331    1.3030    -62.62    1.4013    -28.16    1.4466      0.00
  332    1.3034    -61.59    1.4060    -26.70    1.4499      0.00
  333    1.3037    -60.47    1.4106    -25.27    1.4530      0.00
  334    1.3041    -59.25    1.4151    -23.87    1.4559      0.00
  335    1.3045    -57.94    1.4194    -22.50    1.4586      0.00
  336    1.3049    -56.52    1.4236    -21.17    1.4611      0.00
  337    1.3054    -54.99    1.4276    -19.88    1.4633      0.00
  338    1.3058    -53.35    1.4314    -18.63    1.4655      0.00
  339    1.3063    -51.60    1.4351    -17.42    1.4674      0.00
  340    1.3068    -49.73    1.4386    -16.26    1.4692      0.00
  341    1.3073    -47.74    1.4419    -15.14    1.4709      0.00
  342    1.3078    -45.63    1.4449    -14.06    1.4724      0.00
  343    1.3083    -43.41    1.4478    -13.03    1.4738      0.00
  344    1.3088    -41.08    1.4506    -12.04    1.4751      0.00
  345    1.3094    -38.63    1.4531    -11.09    1.4763      0.00
  346    1.3099    -36.07    1.4554    -10.17    1.4773      0.00
  347    1.3103    -33.40    1.4575     -9.29    1.4783      0.00
  348    1.3108    -30.64    1.4594     -8.43    1.4792      0.00
  349    1.3112    -27.78    1.4612     -7.60    1.4801      0.00
  350    1.3116    -24.84    1.4627     -6.80    1.4808      0.00
  351    1.3120    -21.83    1.4640     -6.01    1.4815      0.00
  352    1.3123    -18.75    1.4652     -5.24    1.4821      0.00
  353    1.3126    -15.63    1.4661     -4.48    1.4826      0.00
  354    1.3128    -12.46    1.4669     -3.73    1.4831      0.00
  355    1.3130     -9.27    1.4674     -2.98    1.4835      0.00
  356    1.3132     -6.06    1.4677     -2.23    1.4838      0.00
  357    1.3132     -2.85    1.4679     -1.47    1.4841      0.00
  358    1.3133      0.34    1.4678     -0.70    1.4844      0.00
  359    1.3133      3.50    1.4676      0.08    1.4845      0.00
  360    1.3133      6.61    1.4671      0.88    1.4846      0.00
