  360    0.9900   -115.03    1.0205   -89.65    1.3093     0.00
  361    0.9900   -114.60    1.0139   -90.47    1.3004     0.00
  362    0.9900   -114.14    1.0075   -91.24    1.2909     0.00
  363    0.9900   -113.68    1.0015   -91.96    1.2807     0.00
  364    0.9900   -113.19    0.9959   -92.63    1.2700     0.00
  365    0.9900   -112.69    0.9905   -93.25    1.2587     0.00
  366    0.9900   -112.18    0.9854   -93.83    1.2468     0.00
  367    0.9900   -111.64    0.9807   -94.36    1.2345     0.00
  368    0.9900   -111.09    0.9762   -94.86    1.2216     0.00
  369    0.9900   -110.52    0.9720   -95.31    1.2084     0.00
  370    0.9900   -109.94    0.9681   -95.73    1.1948     0.00
  371    0.9900   -109.33    0.9645   -96.11    1.1810     0.00
  372    0.9900   -108.71    0.9611   -96.45    1.1667     0.00
  373    0.9900   -108.06    0.9580   -96.76    1.1523     0.00
  374    0.9900   -107.40    0.9551   -97.04    1.1378     0.00
  375    0.9900   -106.73    0.9524   -97.28    1.1231     0.00
  376    0.9900   -106.03    0.9500   -97.49    1.1085     0.00
  377    0.9900   -105.32    0.9476   -97.67    1.0938     0.00
  378    0.9900   -104.59    0.9455   -97.81    1.0791     0.00
  379    0.9900   -103.85    0.9435   -97.91    1.0645     0.00
  380    0.9900   -103.09    0.9415   -97.98    1.0500     0.00
  381    0.9900   -102.32    0.9397   -98.01    1.0356     0.00
  382    0.9900   -101.55    0.9379   -97.99    1.0214     0.00
  383    0.9900   -100.76    0.9361   -97.94    1.0074     0.00
  384    0.9900   -99.97    0.9344   -97.83    0.9935     0.00
  385    0.9900   -99.18    0.9326   -97.67    0.9798     0.00
  386    0.9900   -98.38    0.9308   -97.46    0.9664     0.00
  387    0.9900   -97.59    0.9289   -97.20    0.9532     0.00
  388    0.9900   -96.80    0.9270   -96.87    0.9402     0.00
  389    0.9900   -96.01    0.9249   -96.48    0.9274     0.00
  390    0.9900   -95.24    0.9227   -96.03    0.9149     0.00
  391    0.9900   -94.48    0.9203   -95.50    0.9026     0.00
  392    0.9900   -93.73    0.9178   -94.91    0.8907     0.00
  393    0.9900   -93.00    0.9152   -94.25    0.8790     0.00
  394    0.9900   -92.29    0.9124   -93.52    0.8676     0.00
  395    0.9900   -91.60    0.9094   -92.72    0.8565     0.00
  396    0.9900   -90.93    0.9062   -91.84    0.8457     0.00
  397    0.9900   -90.28    0.9029   -90.90    0.8352     0.00
  398    0.9900   -89.67    0.8994   -89.89    0.8251     0.00
  399    0.9900   -89.07    0.8958   -88.82    0.8153     0.00
  400    0.9900   -88.51    0.8920   -87.68    0.8057     0.00
  401    0.9900   -87.96    0.8881   -86.48    0.7965     0.00
  402    0.9900   -87.45    0.8841   -85.23    0.7875     0.00
  403    0.9900   -86.95    0.8799   -83.92    0.7789     0.00
  404    0.9900   -86.48    0.8757   -82.56    0.7705     0.00
  405    0.9900   -86.02    0.8714   -81.15    0.7624     0.00
  406    0.9900   -85.58    0.8670   -79.70    0.7546     0.00
  407    0.9900   -85.15    0.8626   -78.21    0.7470     0.00
  408    0.9900   -84.72    0.8581   -76.68    0.7397     0.00
  409    0.9900   -84.30    0.8536   -75.12    0.7327     0.00
  410    0.9900   -83.86    0.8491   -73.53    0.7259     0.00
  411    0.9900   -83.42    0.8446   -71.91    0.7194     0.00
  412    0.9900   -82.95    0.8400   -70.26    0.7132     0.00
  413    0.9900   -82.45    0.8355   -68.59    0.7072     0.00
  414    0.9900   -81.92    0.8311   -66.91    0.7014     0.00
  415    0.9900   -81.35    0.8266   -65.20    0.6959     0.00
  416    0.9900   -80.72    0.8222   -63.48    0.6906     0.00
  417    0.9900   -80.04    0.8179   -61.75    0.6856     0.00
  418    0.9900   -79.30    0.8136   -60.00    0.6808     0.00
  419    0.9900   -78.48    0.8094   -58.24    0.6762     0.00
  420    0.9900   -77.59    0.8052   -56.48    0.6719     0.00
  421    0.9900   -76.62    0.8011   -54.70    0.6678     0.00
  422    0.9900   -75.56    0.7971   -52.93    0.6640     0.00
  423    0.9900   -74.42    0.7932   -51.14    0.6603     0.00
  424    0.9900   -73.20    0.7893   -49.36    0.6569     0.00
  425    0.9900   -71.88    0.7856   -47.58    0.6537     0.00
  426    0.9900   -70.48    0.7819   -45.79    0.6508     0.00
  427    0.9900   -68.99    0.7784   -44.01    0.6480     0.00
  428    0.9900   -67.42    0.7749   -42.22    0.6454     0.00
  429    0.9900   -65.76    0.7714   -40.44    0.6430     0.00
  430    0.9900   -64.03    0.7681   -38.66    0.6407     0.00
  431    0.9900   -62.22    0.7648   -36.89    0.6387     0.00
  432    0.9900   -60.34    0.7617   -35.12    0.6368     0.00
  433    0.9900   -58.39    0.7586   -33.37    0.6351     0.00
  434    0.9900   -56.38    0.7556   -31.62    0.6335     0.00
  435    0.9900   -54.31    0.7526   -29.90    0.6321     0.00
  436    0.9900   -52.19    0.7498   -28.19    0.6308     0.00
  437    0.9900   -50.02    0.7470   -26.50    0.6297     0.00
  438    0.9900   -47.80    0.7443   -24.84    0.6287     0.00
  439    0.9900   -45.55    0.7417   -23.20    0.6278     0.00
  440    0.9900   -43.26    0.7391   -21.58    0.6270     0.00
  441    0.9900   -40.94    0.7365   -20.00    0.6264     0.00
  442    0.9900   -38.59    0.7340   -18.44    0.6258     0.00
  443    0.9900   -36.23    0.7316   -16.91    0.6254     0.00
  444    0.9900   -33.84    0.7292   -15.42    0.6250     0.00
  445    0.9900   -31.44    0.7269   -13.96    0.6247     0.00
  446    0.9900   -29.03    0.7246   -12.53    0.6246     0.00
  447    0.9900   -26.60    0.7223   -11.14    0.6245     0.00
  448    0.9900   -24.17    0.7201    -9.78    0.6245     0.00
  449    0.9900   -21.74    0.7179    -8.45    0.6246     0.00
  450    0.9900   -19.30    0.7158    -7.15    0.6248     0.00
  451    0.9900   -16.87    0.7138    -5.88    0.6251     0.00
  452    0.9900   -14.44    0.7118    -4.64    0.6254     0.00
  453    0.9900   -12.01    0.7099    -3.43    0.6258     0.00
  454    0.9900    -9.60    0.7081    -2.23    0.6263     0.00
  455    0.9900    -7.19    0.7063    -1.06    0.6269     0.00
  456    0.9900    -4.79    0.7047     0.09    0.6276     0.00
  457    0.9900    -2.40    0.7032     1.24    0.6284     0.00
  458    0.9900    -0.02    0.7018     2.37    0.6292     0.00
  459    0.9900     2.33    0.7006     3.51    0.6301     0.00
  460    0.9899     4.66    0.6995     4.64    0.6312     0.00
  461    0.9897     6.95    0.6986     5.78    0.6323     0.00
  462    0.9895     9.22    0.6979     6.93    0.6334     0.00
  463    0.9892    11.46    0.6974     8.10    0.6347     0.00
  464    0.9889    13.67    0.6971     9.28    0.6361     0.00
  465    0.9885    15.84    0.6970    10.49    0.6375     0.00
  466    0.9881    17.99    0.6972    11.73    0.6390     0.00
  467    0.9877    20.10    0.6977    13.00    0.6406     0.00
  468    0.9872    22.18    0.6983    14.30    0.6423     0.00
  469    0.9866    24.23    0.6993    15.64    0.6441     0.00
  470    0.9860    26.25    0.7005    17.02    0.6459     0.00
  471    0.9854    28.23    0.7020    18.43    0.6478     0.00
  472    0.9847    30.18    0.7038    19.89    0.6498     0.00
  473    0.9841    32.10    0.7058    21.38    0.6519     0.00
  474    0.9833    33.98    0.7081    22.90    0.6540     0.00
  475    0.9826    35.83    0.7106    24.46    0.6561     0.00
  476    0.9818    37.65    0.7134    26.05    0.6583     0.00
  477    0.9810    39.44    0.7164    27.66    0.6605     0.00
  478    0.9802    41.19    0.7196    29.29    0.6627     0.00
  479    0.9794    42.91    0.7230    30.94    0.6650     0.00
  480    0.9785    44.60    0.7266    32.61    0.6672     0.00
  481    0.9777    46.25    0.7303    34.28    0.6695     0.00
  482    0.9768    47.87    0.7343    35.95    0.6717     0.00
  483    0.9759    49.46    0.7383    37.63    0.6740     0.00
  484    0.9750    51.02    0.7425    39.29    0.6762     0.00
  485    0.9741    52.54    0.7467    40.95    0.6783     0.00
  486    0.9732    54.03    0.7511    42.59    0.6804     0.00
  487    0.9723    55.50    0.7556    44.22    0.6825     0.00
  488    0.9714    56.93    0.7601    45.83    0.6846     0.00
  489    0.9705    58.33    0.7646    47.41    0.6866     0.00
  490    0.9695    59.71    0.7692    48.96    0.6886     0.00
  491    0.9686    61.05    0.7738    50.47    0.6906     0.00
  492    0.9677    62.36    0.7785    51.94    0.6926     0.00
  493    0.9668    63.65    0.7831    53.39    0.6946     0.00
  494    0.9658    64.90    0.7877    54.79    0.6966     0.00
  495    0.9649    66.12    0.7923    56.15    0.6986     0.00
  496    0.9640    67.32    0.7969    57.46    0.7007     0.00
  497    0.9631    68.49    0.8015    58.73    0.7028     0.00
  498    0.9622    69.63    0.8060    59.94    0.7051     0.00
  499    0.9614    70.74    0.8104    61.11    0.7075     0.00
  500    0.9605    71.82    0.8148    62.22    0.7101     0.00
  501    0.9596    72.87    0.8192    63.29    0.7128     0.00
  502    0.9588    73.90    0.8235    64.31    0.7158     0.00
  503    0.9579    74.89    0.8277    65.27    0.7190     0.00
  504    0.9571    75.86    0.8319    66.19    0.7226     0.00
  505    0.9563    76.80    0.8361    67.06    0.7264     0.00
  506    0.9555    77.72    0.8402    67.88    0.7306     0.00
  507    0.9547    78.60    0.8442    68.66    0.7352     0.00
  508    0.9540    79.46    0.8482    69.39    0.7402     0.00
  509    0.9532    80.29    0.8522    70.08    0.7457     0.00
  510    0.9525    81.10    0.8561    70.73    0.7516     0.00
  511    0.9518    81.87    0.8600    71.34    0.7581     0.00
  512    0.9511    82.62    0.8639    71.91    0.7651     0.00
  513    0.9504    83.35    0.8677    72.44    0.7726     0.00
  514    0.9497    84.04    0.8715    72.94    0.7806     0.00
  515    0.9491    84.71    0.8753    73.40    0.7891     0.00
  516    0.9485    85.36    0.8790    73.82    0.7982     0.00
  517    0.9479    85.97    0.8827    74.22    0.8077     0.00
  518    0.9473    86.57    0.8863    74.58    0.8177     0.00
  519    0.9468    87.13    0.8899    74.92    0.8282     0.00
  520    0.9462    87.67    0.8935    75.23    0.8390     0.00
  521    0.9457    88.19    0.8970    75.51    0.8502     0.00
  522    0.9452    88.68    0.9005    75.77    0.8617     0.00
  523    0.9448    89.15    0.9040    76.01    0.8735     0.00
  524    0.9443    89.59    0.9074    76.23    0.8854     0.00
  525    0.9439    90.01    0.9107    76.43    0.8976     0.00
  526    0.9435    90.40    0.9140    76.61    0.9097     0.00
  527    0.9432    90.77    0.9172    76.78    0.9220     0.00
  528    0.9428    91.12    0.9204    76.93    0.9342     0.00
  529    0.9425    91.44    0.9235    77.07    0.9464     0.00
  530    0.9422    91.75    0.9266    77.20    0.9585     0.00
  531    0.9419    92.03    0.9295    77.31    0.9704     0.00
  532    0.9416    92.28    0.9325    77.42    0.9822     0.00
  533    0.9414    92.52    0.9353    77.51    0.9938     0.00
  534    0.9411    92.73    0.9382    77.59    1.0052     0.00
  535    0.9409    92.93    0.9409    77.66    1.0164     0.00
  536    0.9408    93.10    0.9436    77.72    1.0273     0.00
  537    0.9406    93.25    0.9463    77.76    1.0379     0.00
  538    0.9405    93.38    0.9489    77.79    1.0483     0.00
  539    0.9404    93.49    0.9515    77.81    1.0584     0.00
  540    0.9403    93.58    0.9540    77.81    1.0682     0.00
  541    0.9402    93.65    0.9566    77.78    1.0778     0.00
  542    0.9401    93.70    0.9591    77.74    1.0871     0.00
  543    0.9401    93.73    0.9617    77.67    1.0962     0.00
  544    0.9401    93.73    0.9643    77.57    1.1050     0.00
  545    0.9401    93.72    0.9669    77.45    1.1135     0.00
  546    0.9401    93.69    0.9696    77.28    1.1218     0.00
  547    0.9402    93.64    0.9723    77.08    1.1299     0.00
  548    0.9403    93.57    0.9752    76.83    1.1378     0.00
  549    0.9404    93.48    0.9782    76.53    1.1454     0.00
  550    0.9405    93.37    0.9813    76.18    1.1529     0.00
  551    0.9406    93.24    0.9845    75.77    1.1601     0.00
  552    0.9408    93.09    0.9880    75.30    1.1671     0.00
  553    0.9409    92.92    0.9917    74.75    1.1740     0.00
  554    0.9411    92.73    0.9956    74.14    1.1806     0.00
  555    0.9414    92.52    0.9997    73.44    1.1871     0.00
  556    0.9416    92.29    1.0042    72.65    1.1934     0.00
  557    0.9419    92.04    1.0089    71.78    1.1996     0.00
  558    0.9421    91.76    1.0140    70.81    1.2056     0.00
  559    0.9424    91.47    1.0195    69.75    1.2114     0.00
  560    0.9428    91.16    1.0252    68.58    1.2171     0.00
  561    0.9431    90.83    1.0314    67.33    1.2226     0.00
  562    0.9434    90.48    1.0379    65.97    1.2279     0.00
  563    0.9438    90.12    1.0448    64.52    1.2331     0.00
  564    0.9442    89.73    1.0520    62.98    1.2381     0.00
  565    0.9446    89.33    1.0595    61.36    1.2430     0.00
  566    0.9450    88.91    1.0674    59.67    1.2477     0.00
  567    0.9455    88.47    1.0755    57.92    1.2523     0.00
  568    0.9459    88.02    1.0837    56.12    1.2568     0.00
  569    0.9464    87.55    1.0922    54.28    1.2611     0.00
  570    0.9468    87.08    1.1007    52.42    1.2654     0.00
  571    0.9473    86.59    1.1093    50.54    1.2694     0.00
  572    0.9478    86.08    1.1179    48.67    1.2734     0.00
  573    0.9483    85.57    1.1264    46.81    1.2772     0.00
  574    0.9488    85.05    1.1349    44.98    1.2809     0.00
  575    0.9493    84.53    1.1431    43.17    1.2845     0.00
  576    0.9498    83.99    1.1512    41.41    1.2879     0.00
  577    0.9503    83.45    1.1590    39.70    1.2913     0.00
  578    0.9508    82.91    1.1667    38.04    1.2945     0.00
  579    0.9513    82.36    1.1740    36.42    1.2977     0.00
  580    0.9518    81.81    1.1811    34.86    1.3007     0.00
  581    0.9523    81.25    1.1879    33.36    1.3036     0.00
  582    0.9528    80.69    1.1945    31.91    1.3064     0.00
  583    0.9534    80.12    1.2008    30.51    1.3091     0.00
  584    0.9539    79.55    1.2067    29.17    1.3117     0.00
  585    0.9544    78.97    1.2124    27.87    1.3142     0.00
  586    0.9549    78.39    1.2179    26.63    1.3166     0.00
  587    0.9554    77.79    1.2231    25.43    1.3189     0.00
  588    0.9560    77.17    1.2280    24.28    1.3211     0.00
  589    0.9565    76.54    1.2327    23.16    1.3232     0.00
  590    0.9571    75.88    1.2372    22.08    1.3252     0.00
  591    0.9577    75.19    1.2415    21.04    1.3272     0.00
  592    0.9583    74.47    1.2455    20.03    1.3290     0.00
  593    0.9589    73.70    1.2494    19.06    1.3308     0.00
  594    0.9596    72.89    1.2530    18.11    1.3325     0.00
  595    0.9603    72.01    1.2565    17.19    1.3341     0.00
  596    0.9611    71.06    1.2598    16.29    1.3356     0.00
  597    0.9619    70.03    1.2630    15.42    1.3370     0.00
  598    0.9628    68.90    1.2660    14.57    1.3384     0.00
  599    0.9638    67.66    1.2688    13.75    1.3396     0.00
  600    0.9648    66.29    1.2715    12.94    1.3408     0.00
  601    0.9659    64.78    1.2740    12.16    1.3420     0.00
  602    0.9672    63.10    1.2764    11.39    1.3430     0.00
  603    0.9685    61.25    1.2787    10.64    1.3440     0.00
  604    0.9699    59.19    1.2808     9.91    1.3449     0.00
  605    0.9714    56.92    1.2829     9.20    1.3457     0.00
  606    0.9730    54.41    1.2848     8.51    1.3465     0.00
  607    0.9746    51.66    1.2866     7.83    1.3472     0.00
  608    0.9764    48.66    1.2883     7.16    1.3478     0.00
  609    0.9781    45.40    1.2899     6.52    1.3484     0.00
  610    0.9799    41.89    1.2913     5.88    1.3489     0.00
  611    0.9816    38.14    1.2927     5.27    1.3493     0.00
  612    0.9833    34.17    1.2940     4.66    1.3496     0.00
  613    0.9848    30.02    1.2952     4.07    1.3499     0.00
  614    0.9862    25.70    1.2964     3.50    1.3502     0.00
  615    0.9874    21.27    1.2974     2.93    1.3503     0.00
  616    0.9884    16.77    1.2983     2.38    1.3504     0.00
  617    0.9891    12.23    1.2992     1.84    1.3505     0.00
  618    0.9897     7.71    1.3000     1.31    1.3504     0.00
  619    0.9899     3.24    1.3007     0.79    1.3504     0.00
  620    0.9900    -1.14    1.3013     0.27    1.3502     0.00
  621    0.9900    -5.36    1.3018    -0.23    1.3500     0.00
  622    0.9900    -9.38    1.3022    -0.73    1.3497     0.00
  623    0.9900   -13.21    1.3026    -1.22    1.3494     0.00
  624    0.9900   -16.82    1.3028    -1.71    1.3490     0.00
  625    0.9900   -20.23    1.3030    -2.20    1.3485     0.00
  626    0.9900   -23.44    1.3030    -2.69    1.3480     0.00
  627    0.9900   -26.45    1.3029    -3.18    1.3474     0.00
  628    0.9900   -29.28    1.3026    -3.67    1.3468     0.00
  629    0.9900   -31.94    1.3023    -4.18    1.3461     0.00
  630    0.9900   -34.44    1.3017    -4.69    1.3453     0.00
  631    0.9900   -36.79    1.3010    -5.22    1.3445     0.00
  632    0.9900   -39.00    1.3002    -5.76    1.3436     0.00
  633    0.9900   -41.09    1.2991    -6.33    1.3427     0.00
  634    0.9900   -43.06    1.2978    -6.92    1.3417     0.00
  635    0.9900   -44.93    1.2963    -7.54    1.3406     0.00
  636    0.9900   -46.69    1.2946    -8.18    1.3396     0.00
  637    0.9900   -48.36    1.2926    -8.87    1.3384     0.00
  638    0.9900   -49.95    1.2903    -9.59    1.3372     0.00
  639    0.9900   -51.46    1.2877   -10.36    1.3360     0.00
  640    0.9900   -52.89    1.2848   -11.17    1.3347     0.00
  641    0.9900   -54.26    1.2816   -12.03    1.3334     0.00
  642    0.9900   -55.56    1.2781   -12.94    1.3320     0.00
  643    0.9900   -56.80    1.2743   -13.91    1.3306     0.00
  644    0.9900   -57.98    1.2701   -14.92    1.3292     0.00
  645    0.9900   -59.11    1.2657   -15.99    1.3277     0.00
  646    0.9900   -60.19    1.2609   -17.11    1.3262     0.00
  647    0.9900   -61.22    1.2558   -18.28    1.3246     0.00
  648    0.9900   -62.20    1.2505   -19.50    1.3231     0.00
  649    0.9900   -63.13    1.2449   -20.76    1.3215     0.00
  650    0.9900   -64.03    1.2390   -22.06    1.3198     0.00
  651    0.9900   -64.88    1.2329   -23.40    1.3182     0.00
  652    0.9900   -65.70    1.2267   -24.77    1.3165     0.00
  653    0.9900   -66.48    1.2202   -26.17    1.3148     0.00
  654    0.9900   -67.22    1.2137   -27.58    1.3130     0.00
  655    0.9900   -67.92    1.2070   -29.02    1.3113     0.00
  656    0.9900   -68.60    1.2003   -30.46    1.3095     0.00
  657    0.9900   -69.24    1.1935   -31.91    1.3076     0.00
  658    0.9900   -69.85    1.1867   -33.35    1.3057     0.00
  659    0.9900   -70.44    1.1799   -34.79    1.3038     0.00
  660    0.9900   -70.99    1.1731   -36.21    1.3018     0.00
  661    0.9900   -71.52    1.1664   -37.61    1.2997     0.00
  662    0.9900   -72.02    1.1598   -38.98    1.2976     0.00
  663    0.9900   -72.49    1.1533   -40.33    1.2953     0.00
  664    0.9900   -72.94    1.1469   -41.65    1.2930     0.00
  665    0.9900   -73.37    1.1407   -42.93    1.2906     0.00
  666    0.9900   -73.77    1.1345   -44.18    1.2880     0.00
  667    0.9900   -74.15    1.1285   -45.39    1.2853     0.00
  668    0.9900   -74.51    1.1227   -46.56    1.2824     0.00
  669    0.9900   -74.84    1.1169   -47.69    1.2793     0.00
  670    0.9900   -75.16    1.1114   -48.78    1.2761     0.00
  671    0.9900   -75.46    1.1060   -49.83    1.2726     0.00
  672    0.9900   -75.73    1.1008   -50.84    1.2689     0.00
  673    0.9900   -75.99    1.0957   -51.80    1.2649     0.00
  674    0.9900   -76.23    1.0907   -52.73    1.2606     0.00
  675    0.9900   -76.45    1.0860   -53.61    1.2561     0.00
  676    0.9900   -76.65    1.0813   -54.45    1.2513     0.00
  677    0.9900   -76.83    1.0768   -55.26    1.2461     0.00
  678    0.9900   -77.00    1.0725   -56.02    1.2406     0.00
  679    0.9900   -77.15    1.0683   -56.75    1.2348     0.00
  680    0.9900   -77.28    1.0642   -57.44    1.2286     0.00
  681    0.9900   -77.40    1.0603   -58.10    1.2221     0.00
  682    0.9900   -77.50    1.0564   -58.73    1.2153     0.00
  683    0.9900   -77.59    1.0527   -59.33    1.2081     0.00
  684    0.9900   -77.66    1.0492   -59.89    1.2007     0.00
  685    0.9900   -77.72    1.0457   -60.43    1.1929     0.00
  686    0.9900   -77.76    1.0423   -60.93    1.1848     0.00
  687    0.9900   -77.79    1.0390   -61.41    1.1765     0.00
  688    0.9900   -77.80    1.0359   -61.87    1.1679     0.00
  689    0.9900   -77.80    1.0328   -62.30    1.1592     0.00
  690    0.9900   -77.78    1.0298   -62.70    1.1501     0.00
  691    0.9900   -77.75    1.0268   -63.08    1.1410     0.00
  692    0.9900   -77.70    1.0240   -63.44    1.1316     0.00
  693    0.9900   -77.65    1.0212   -63.77    1.1221     0.00
  694    0.9900   -77.57    1.0185   -64.08    1.1124     0.00
  695    0.9900   -77.49    1.0159   -64.37    1.1027     0.00
  696    0.9900   -77.39    1.0133   -64.63    1.0930     0.00
  697    0.9900   -77.28    1.0107   -64.87    1.0832     0.00
  698    0.9900   -77.16    1.0082   -65.08    1.0735     0.00
  699    0.9900   -77.02    1.0058   -65.27    1.0638     0.00
  700    0.9900   -76.87    1.0033   -65.44    1.0541     0.00
  701    0.9900   -76.71    1.0009   -65.57    1.0445     0.00
  702    0.9900   -76.54    0.9984   -65.68    1.0349     0.00
  703    0.9900   -76.36    0.9960   -65.76    1.0255     0.00
  704    0.9900   -76.17    0.9936   -65.81    1.0165    -0.13
  705    0.9900   -75.96    0.9911   -65.83    1.0092    -0.76
  706    0.9900   -75.75    0.9886   -65.81    1.0021    -1.40
  707    0.9900   -75.53    0.9861   -65.76    0.9958    -2.19
  708    0.9900   -75.29    0.9835   -65.67    0.9904    -3.18
  709    0.9900   -75.05    0.9809   -65.54    0.9852    -4.19
  710    0.9900   -74.80    0.9782   -65.37    0.9810    -5.41
  711    0.9900   -74.55    0.9755   -65.17    0.9774    -6.76
  712    0.9900   -74.29    0.9727   -64.92    0.9741    -8.12
  713    0.9900   -74.02    0.9698   -64.63    0.9728   -10.11
  714    0.9900   -73.74    0.9668   -64.29    0.9721   -12.20
  715    0.9900   -73.46    0.9637   -63.92    0.9718   -14.26
  716    0.9900   -73.17    0.9606   -63.50    0.9750   -17.45
  717    0.9900   -72.88    0.9574   -63.03    0.9790   -20.86
  718    0.9900   -72.58    0.9541   -62.53    0.9832   -24.06
  719    0.9900   -72.28    0.9507   -61.98    0.9903   -28.17
  720    0.9900   -71.97    0.9473   -61.40    0.9967   -31.89
    1    0.9900   -71.65    0.9437   -60.77    1.0029   -35.32
    2    0.9900   -71.33    0.9402   -60.11    1.0099   -38.99
    3    0.9900   -71.01    0.9365   -59.41    1.0149   -41.89
    4    0.9900   -70.68    0.9328   -58.67    1.0190   -44.36
    5    0.9900   -70.34    0.9290   -57.90    1.0218   -46.41
    6    0.9900   -69.99    0.9252   -57.10    1.0213   -47.29
    7    0.9900   -69.63    0.9214   -56.26    1.0183   -47.24
    8    0.9900   -69.26    0.9175   -55.40    1.0118   -46.11
    9    0.9900   -68.87    0.9136   -54.52    1.0018   -43.74
   10    0.9900   -68.47    0.9097   -53.61    0.9879   -40.05
   11    0.9900   -68.06    0.9057   -52.67    0.9696   -34.76
   12    0.9900   -67.62    0.9018   -51.72    0.9475   -28.14
   13    0.9900   -67.16    0.8979   -50.76    0.9233   -20.83
   14    0.9900   -66.68    0.8940   -49.79    0.8990   -13.60
   15    0.9900   -66.17    0.8902   -48.81    0.8762    -7.14
   16    0.9900   -65.63    0.8865   -47.85    0.8554    -1.55
   17    0.9900   -65.06    0.8830   -46.90    0.8399     0.00
   18    0.9900   -64.45    0.8796   -46.00    0.8185     7.58
   19    0.9900   -63.80    0.8765   -45.14    0.8040    10.95
   20    0.9900   -63.12    0.8736   -44.33    0.7904    13.34
   21    0.9900   -62.39    0.8711   -43.61    0.7774    16.20
   22    0.9900   -61.61    0.8690   -42.98    0.7649    18.74
   23    0.9900   -60.79    0.8673   -42.46    0.7529    21.36
   24    0.9900   -59.91    0.8661   -42.07    0.7414    23.92
   25    0.9900   -58.99    0.8655   -41.84    0.7302    26.46
   26    0.9900   -58.02    0.8656   -41.80    0.7194    28.98
   27    0.9900   -56.99    0.8666   -41.97    0.7090    31.46
   28    0.9900   -55.91    0.8686   -42.42    0.6989    33.92
   29    0.9900   -54.78    0.8717   -43.17    0.6890    36.35
   30    0.9900   -53.60    0.8761   -44.27    0.6795    38.72
   31    0.9900   -52.38    0.8819   -45.73    0.6704    40.97
   32    0.9900   -51.10    0.8891   -47.56    0.6616    43.13
   33    0.9900   -49.77    0.8975   -49.69    0.6532    45.22
   34    0.9900   -48.40    0.9068   -52.01    0.6450    47.23
   35    0.9900   -46.99    0.9162   -54.37    0.6371    49.18
   36    0.9900   -45.53    0.9252   -56.57    0.6295    51.03
   37    0.9900   -44.04    0.9330   -58.40    0.6233    52.25
   38    0.9900   -42.51    0.9388   -59.72    0.6109    56.76
   39    0.9900   -40.94    0.9424   -60.40    0.5994    60.88
   40    0.9900   -39.35    0.9433   -60.40    0.5888    64.45
   41    0.9900   -37.73    0.9417   -59.71    0.5790    67.65
   42    0.9900   -36.08    0.9377   -58.39    0.5699    70.51
   43    0.9900   -34.42    0.9316   -56.50    0.5615    73.08
   44    0.9900   -32.73    0.9238   -54.15    0.5537    75.39
   45    0.9900   -31.03    0.9147   -51.42    0.5464    77.49
   46    0.9900   -29.33    0.9047   -48.41    0.5397    79.40
   47    0.9900   -27.63    0.8941   -45.19    0.5336    81.08
   48    0.9900   -25.94    0.8831   -41.83    0.5289    82.17
   49    0.9900   -24.26    0.8719   -38.39    0.5247    83.06
   50    0.9900   -22.62    0.8608   -34.91    0.5207    83.91
   51    0.9900   -21.02    0.8499   -31.42    0.5173    84.59
   52    0.9900   -19.48    0.8391   -27.95    0.5144    85.11
   53    0.9900   -18.00    0.8288   -24.53    0.5120    85.47
   54    0.9900   -16.61    0.8188   -21.17    0.5100    85.69
   55    0.9900   -15.34    0.8092   -17.88    0.5084    85.79
   56    0.9900   -14.20    0.8000   -14.66    0.5071    85.79
   57    0.9900   -13.23    0.7912   -11.52    0.5062    85.68
   58    0.9900   -12.46    0.7829    -8.45    0.5056    85.48
   59    0.9900   -11.94    0.7749    -5.45    0.5053    85.21
   60    0.9900   -11.73    0.7673    -2.51    0.5052    84.87
   61    0.9900   -11.88    0.7602     0.37    0.5053    84.47
   62    0.9900   -12.45    0.7533     3.19    0.5055    84.09
   63    0.9900   -13.52    0.7468     5.98    0.5059    83.68
   64    0.9900   -15.11    0.7407     8.72    0.5065    83.22
   65    0.9900   -17.27    0.7348    11.43    0.5072    82.72
   66    0.9900   -19.94    0.7293    14.12    0.5081    82.19
   67    0.9900   -23.03    0.7240    16.79    0.5090    81.64
   68    0.9900   -26.38    0.7191    19.44    0.5101    81.06
   69    0.9900   -29.78    0.7144    22.08    0.5113    80.47
   70    0.9900   -32.98    0.7099    24.71    0.5126    79.86
   71    0.9900   -35.76    0.7057    27.34    0.5140    79.25
   72    0.9900   -37.91    0.7018    29.98    0.5155    78.63
   73    0.9900   -39.32    0.6980    32.61    0.5170    78.00
   74    0.9900   -39.94    0.6945    35.25    0.5186    77.38
   75    0.9900   -39.75    0.6912    37.91    0.5202    76.75
   76    0.9900   -38.81    0.6881    40.57    0.5219    76.13
   77    0.9900   -37.19    0.6851    43.25    0.5236    75.51
   78    0.9900   -34.98    0.6823    45.94    0.5254    74.90
   79    0.9900   -32.28    0.6796    48.65    0.5272    74.30
   80    0.9900   -29.17    0.6770    51.38    0.5290    73.71
   81    0.9900   -25.73    0.6746    54.11    0.5308    73.12
   82    0.9900   -22.04    0.6723    56.84    0.5327    72.55
   83    0.9900   -18.15    0.6700    59.58    0.5346    71.98
   84    0.9900   -14.11    0.6679    62.32    0.5366    71.42
   85    0.9900    -9.98    0.6657    65.04    0.5385    70.86
   86    0.9900    -5.78    0.6636    67.73    0.5405    70.33
   87    0.9900    -1.54    0.6616    70.40    0.5425    69.80
   88    0.9900     2.70    0.6595    73.02    0.5446    69.29
   89    0.9897     6.88    0.6574    75.58    0.5466    68.79
   90    0.9893    10.99    0.6552    78.07    0.5487    68.31
   91    0.9887    15.02    0.6529    80.46    0.5508    67.84
   92    0.9879    18.96    0.6505    82.74    0.5530    67.40
   93    0.9870    22.81    0.6479    84.89    0.5552    66.98
   94    0.9859    26.56    0.6450    86.88    0.5574    66.58
   95    0.9847    30.21    0.6419    88.70    0.5596    66.22
   96    0.9834    33.77    0.6385    90.32    0.5619    65.88
   97    0.9820    37.23    0.6347    91.74    0.5642    65.58
   98    0.9805    40.60    0.6306    92.94    0.5666    65.31
   99    0.9789    43.87    0.6261    93.92    0.5691    65.07
  100    0.9773    47.04    0.6213    94.68    0.5716    64.88
  101    0.9755    50.13    0.6162    95.24    0.5741    64.73
  102    0.9738    53.13    0.6109    95.63    0.5767    64.62
  103    0.9719    56.05    0.6056    95.87    0.5794    64.56
  104    0.9701    58.89    0.6002    96.00    0.5822    64.55
  105    0.9682    61.65    0.5949    96.07    0.5851    64.59
  106    0.9663    64.34    0.5899    96.11    0.5881    64.67
  107    0.9643    66.96    0.5852    96.16    0.5912    64.81
  108    0.9623    69.51    0.5810    96.29    0.5944    64.99
  109    0.9603    72.00    0.5773    96.53    0.5977    65.21
  110    0.9583    74.42    0.5743    96.93    0.6011    65.48
  111    0.9563    76.79    0.5722    97.53    0.6046    65.79
  112    0.9543    79.09    0.5709    98.36    0.6083    66.13
  113    0.9522    81.35    0.5705    99.46    0.6121    66.50
  114    0.9502    83.55    0.5712   100.84    0.6161    66.90
  115    0.9482    85.70    0.5729   102.52    0.6202    67.30
  116    0.9461    87.81    0.5756   104.46    0.6244    67.70
  117    0.9441    89.87    0.5793   106.66    0.6287    68.10
  118    0.9420    91.88    0.5838   109.07    0.6332    68.47
  119    0.9400    93.85    0.5891   111.62    0.6377    68.81
  120    0.9379    95.79    0.5949   114.27    0.6424    69.09
  121    0.9359    97.68    0.6012   116.93    0.6471    69.30
  122    0.9339    99.54    0.6078   119.56    0.6519    69.41
  123    0.9318   101.36    0.6144   122.10    0.6567    69.41
  124    0.9298   103.15    0.6211   124.52    0.6616    69.27
  125    0.9278   104.91    0.6278   126.78    0.6664    68.97
  126    0.9258   106.64    0.6343   128.88    0.6711    68.49
  127    0.9238   108.33    0.6407   130.80    0.6758    67.82
  128    0.9218   110.00    0.6469   132.57    0.6803    66.95
  129    0.9198   111.64    0.6530   134.16    0.6847    65.87
  130    0.9178   113.25    0.6589   135.61    0.6889    64.58
  131    0.9158   114.84    0.6646   136.92    0.6929    63.10
  132    0.9138   116.40    0.6702   138.10    0.6967    61.43
  133    0.9118   117.94    0.6757   139.15    0.7003    59.61
  134    0.9099   119.45    0.6811   140.09    0.7036    57.66
  135    0.9079   120.93    0.6864   140.93    0.7067    55.62
  136    0.9060   122.40    0.6916   141.68    0.7096    53.52
  137    0.9041   123.84    0.6967   142.35    0.7122    51.39
  138    0.9022   125.26    0.7017   142.93    0.7146    49.29
  139    0.9003   126.65    0.7066   143.45    0.7169    47.25
  140    0.8984   128.03    0.7115   143.89    0.7189    45.34
  141    0.8965   129.38    0.7163   144.28    0.7208    43.58
  142    0.8946   130.71    0.7211   144.62    0.7226    42.04
  143    0.8928   132.02    0.7258   144.90    0.7244    40.75
  144    0.8910   133.30    0.7304   145.14    0.7261    39.78
  145    0.8891   134.57    0.7350   145.34    0.7278    39.18
  146    0.8873   135.81    0.7395   145.50    0.7295    39.01
  147    0.8856   137.04    0.7440   145.62    0.7315    39.30
  148    0.8838   138.24    0.7484   145.72    0.7336    40.09
  149    0.8821   139.42    0.7528   145.78    0.7360    41.42
  150    0.8803   140.57    0.7572   145.82    0.7387    43.29
  151    0.8786   141.71    0.7614   145.84    0.7419    45.65
  152    0.8769   142.83    0.7657   145.84    0.7456    48.44
  153    0.8753   143.92    0.7699   145.81    0.7498    51.57
  154    0.8736   145.00    0.7740   145.77    0.7547    54.98
  155    0.8720   146.05    0.7781   145.72    0.7600    58.48
  156    0.8704   147.08    0.7822   145.65    0.7660    61.97
  157    0.8688   148.09    0.7862   145.56    0.7724    65.33
  158    0.8673   149.08    0.7901   145.46    0.7793    68.46
  159    0.8658   150.05    0.7941   145.35    0.7866    71.29
  160    0.8643   151.00    0.7980   145.23    0.7941    73.79
  161    0.8628   151.93    0.8018   145.10    0.8018    75.95
  162    0.8613   152.83    0.8056   144.95    0.8097    77.77
  163    0.8599   153.72    0.8094   144.80    0.8177    79.29
  164    0.8585   154.58    0.8132   144.63    0.8258    80.52
  165    0.8572   155.43    0.8170   144.46    0.8339    81.51
  166    0.8558   156.25    0.8207   144.27    0.8417    82.36
  167    0.8545   157.05    0.8244   144.06    0.8495    83.03
  168    0.8532   157.82    0.8281   143.85    0.8573    83.54
  169    0.8520   158.58    0.8318   143.61    0.8650    83.91
  170    0.8508   159.32    0.8355   143.36    0.8727    84.16
  171    0.8496   160.03    0.8392   143.09    0.8804    84.29
  172    0.8485   160.72    0.8430   142.80    0.8880    84.33
  173    0.8473   161.39    0.8468   142.48    0.8956    84.29
  174    0.8463   162.04    0.8506   142.13    0.9031    84.17
  175    0.8452   162.66    0.8545   141.75    0.9106    83.98
  176    0.8442   163.26    0.8585   141.34    0.9181    83.74
  177    0.8432   163.84    0.8626   140.88    0.9255    83.44
  178    0.8423   164.40    0.8667   140.38    0.9321    83.31
  179    0.8414   164.93    0.8711   139.84    0.9387    83.13
  180    0.8405   165.44    0.8755   139.24    0.9475    82.31
  181    0.8397   165.92    0.8801   138.60    0.9565    81.40
  182    0.8389   166.38    0.8848   137.90    0.9656    80.44
  183    0.8382   166.82    0.8898   137.15    0.9747    79.42
  184    0.8375   167.23    0.8948   136.34    0.9840    78.34
  185    0.8368   167.61    0.9000   135.49    0.9935    77.21
  186    0.8362   167.97    0.9054   134.59    1.0031    76.03
  187    0.8356   168.30    0.9109   133.65    1.0128    74.80
  188    0.8351   168.61    0.9165   132.68    1.0225    73.54
  189    0.8346   168.88    0.9221   131.69    1.0325    72.23
  190    0.8342   169.13    0.9277   130.69    1.0433    70.69
  191    0.8338   169.35    0.9333   129.69    1.0541    69.16
  192    0.8335   169.54    0.9388   128.71    1.0649    67.61
  193    0.8332   169.70    0.9442   127.76    1.0760    66.00
  194    0.8330   169.83    0.9494   126.85    1.0873    64.35
  195    0.8328   169.93    0.9543   126.00    1.0987    62.67
  196    0.8327   170.00    0.9590   125.21    1.1101    61.00
  197    0.8326   170.03    0.9634   124.50    1.1215    59.32
  198    0.8326   170.03    0.9674   123.87    1.1330    57.62
  199    0.8327   170.00    0.9710   123.32    1.1448    55.89
  200    0.8328   169.93    0.9742   122.86    1.1566    54.14
  201    0.8330   169.83    0.9771   122.48    1.1685    52.37
  202    0.8332   169.69    0.9796   122.18    1.1804    50.60
  203    0.8335   169.51    0.9818   121.97    1.1925    48.82
  204    0.8339   169.30    0.9836   121.82    1.2046    47.03
  205    0.8343   169.06    0.9852   121.75    1.2167    45.24
  206    0.8348   168.77    0.9864   121.72    1.2289    43.43
  207    0.8353   168.45    0.9874   121.75    1.2413    41.61
  208    0.8360   168.09    0.9882   121.81    1.2538    39.77
  209    0.8366   167.70    0.9889   121.91    1.2664    37.90
  210    0.8374   167.26    0.9894   122.02    1.2792    36.02
  211    0.8382   166.80    0.9898   122.14    1.2921    34.12
  212    0.8391   166.29    0.9902   122.26    1.3052    32.19
  213    0.8400   165.75    0.9906   122.37    1.3185    30.23
  214    0.8410   165.17    0.9910   122.46    1.3320    28.25
  215    0.8420   164.56    0.9914   122.52    1.3455    26.27
  216    0.8431   163.92    0.9920   122.54    1.3583    24.42
  217    0.8442   163.24    0.9927   122.52    1.3713    22.54
  218    0.8454   162.54    0.9935   122.45    1.3839    20.76
  219    0.8467   161.80    0.9945   122.31    1.3957    19.14
  220    0.8479   161.03    0.9958   122.11    1.4076    17.51
  221    0.8493   160.24    0.9972   121.84    1.4193    15.90
  222    0.8506   159.42    0.9990   121.49    1.4308    14.36
  223    0.8520   158.57    1.0010   121.05    1.4424    12.81
  224    0.8535   157.70    1.0033   120.52    1.4530    11.42
  225    0.8549   156.80    1.0060   119.90    1.4629    10.18
  226    0.8564   155.88    1.0090   119.17    1.4727     8.95
  227    0.8580   154.94    1.0124   118.34    1.4815     7.91
  228    0.8595   153.97    1.0162   117.40    1.4898     6.94
  229    0.8611   152.98    1.0204   116.34    1.4980     5.99
  230    0.8627   151.96    1.0251   115.15    1.5048     5.30
  231    0.8644   150.92    1.0303   113.83    1.5114     4.62
  232    0.8661   149.85    1.0360   112.38    1.5177     4.00
  233    0.8678   148.75    1.0422   110.77    1.5231     3.52
  234    0.8696   147.62    1.0491   109.02    1.5284     3.06
  235    0.8714   146.46    1.0566   107.11    1.5334     2.65
  236    0.8732   145.26    1.0648   105.04    1.5380     2.30
  237    0.8751   144.02    1.0736   102.81    1.5426     1.95
  238    0.8771   142.73    1.0831   100.43    1.5471     1.59
  239    0.8791   141.40    1.0933    97.89    1.5517     1.22
  240    0.8812   140.02    1.1041    95.22    1.5564     0.82
  241    0.8833   138.59    1.1152    92.46    1.5619     0.27
  242    0.8855   137.10    1.1271    89.54    1.5683    -0.49
  243    0.8877   135.57    1.1397    86.48    1.5716    -0.71
  244    0.8900   133.99    1.1531    83.27    1.5744    -0.80
  245    0.8923   132.36    1.1671    79.93    1.5767    -0.83
  246    0.8947   130.69    1.1818    76.47    1.5787    -0.81
  247    0.8971   128.98    1.1970    72.90    1.5806    -0.81
  248    0.8994   127.25    1.2128    69.25    1.5823    -0.77
  249    0.9018   125.51    1.2289    65.54    1.5837    -0.72
  250    0.9042   123.76    1.2455    61.77    1.5849    -0.63
  251    0.9065   122.03    1.2622    58.00    1.5859    -0.52
  252    0.9088   120.31    1.2792    54.21    1.5868    -0.42
  253    0.9109   118.64    1.2959    50.49    1.5879    -0.36
  254    0.9130   117.01    1.3125    46.83    1.5888    -0.29
  255    0.9150   115.45    1.3288    43.24    1.5895    -0.21
  256    0.9169   113.95    1.3449    39.73    1.5902    -0.12
  257    0.9187   112.54    1.3605    36.31    1.5906    -0.02
  258    0.9203   111.21    1.3757    33.00    1.5914     0.00
  259    0.9218   109.97    1.3903    29.81    1.5922     0.00
  260    0.9232   108.82    1.4043    26.76    1.5930     0.00
  261    0.9244   107.76    1.4175    23.85    1.5936     0.00
  262    0.9256   106.80    1.4299    21.10    1.5942     0.00
  263    0.9266   105.91    1.4415    18.51    1.5947     0.00
  264    0.9276   105.11    1.4520    16.08    1.5950     0.00
  265    0.9284   104.37    1.4616    13.82    1.5953     0.00
  266    0.9292   103.70    1.4703    11.73    1.5955     0.00
  267    0.9299   103.08    1.4780     9.79    1.5956     0.00
  268    0.9305   102.50    1.4848     8.00    1.5956     0.00
  269    0.9312   101.94    1.4907     6.35    1.5955     0.00
  270    0.9318   101.40    1.4959     4.81    1.5953     0.00
  271    0.9324   100.85    1.5003     3.37    1.5950     0.00
  272    0.9330   100.28    1.5042     2.01    1.5946     0.00
  273    0.9337    99.68    1.5075     0.73    1.5941     0.00
  274    0.9344    99.01    1.5103    -0.51    1.5935     0.00
  275    0.9352    98.27    1.5128    -1.69    1.5928     0.00
  276    0.9362    97.43    1.5149    -2.83    1.5921     0.00
  277    0.9372    96.45    1.5166    -3.93    1.5912     0.00
  278    0.9384    95.31    1.5180    -4.98    1.5902     0.00
  279    0.9398    93.98    1.5189    -5.98    1.5892     0.00
  280    0.9415    92.40    1.5195    -6.93    1.5881     0.00
  281    0.9434    90.53    1.5197    -7.82    1.5869     0.00
  282    0.9456    88.32    1.5195    -8.65    1.5856     0.00
  283    0.9481    85.72    1.5190    -9.43    1.5842     0.00
  284    0.9510    82.66    1.5182   -10.15    1.5828     0.00
  285    0.9543    79.07    1.5171   -10.81    1.5812     0.00
  286    0.9579    74.87    1.5158   -11.43    1.5797     0.00
  287    0.9620    69.96    1.5143   -12.00    1.5780     0.00
  288    0.9663    64.25    1.5127   -12.54    1.5762     0.00
  289    0.9710    57.56    1.5110   -13.04    1.5744     0.00
  290    0.9758    49.76    1.5094   -13.51    1.5726     0.00
  291    0.9804    40.75    1.5077   -13.95    1.5706     0.00
  292    0.9846    30.50    1.5061   -14.36    1.5686     0.00
  293    0.9879    19.05    1.5045   -14.75    1.5665     0.00
  294    0.9898     6.55    1.5030   -15.13    1.5644     0.00
  295    0.9900    -6.83    1.5016   -15.48    1.5622     0.00
  296    0.9900   -20.31    1.5003   -15.81    1.5599     0.00
  297    0.9900   -33.11    1.4991   -16.12    1.5575     0.00
  298    0.9900   -44.95    1.4980   -16.41    1.5550     0.00
  299    0.9900   -55.51    1.4969   -16.69    1.5525     0.00
  300    0.9900   -64.78    1.4959   -16.94    1.5499     0.00
  301    0.9900   -72.78    1.4949   -17.18    1.5472     0.00
  302    0.9900   -79.61    1.4940   -17.41    1.5444     0.00
  303    0.9900   -85.45    1.4930   -17.62    1.5415     0.00
  304    0.9900   -90.42    1.4921   -17.81    1.5386     0.00
  305    0.9900   -94.64    1.4911   -18.00    1.5355     0.00
  306    0.9900   -98.29    1.4900   -18.19    1.5323     0.00
  307    0.9900   -101.45    1.4889   -18.37    1.5290     0.00
  308    0.9900   -104.18    1.4877   -18.56    1.5256     0.00
  309    0.9900   -106.58    1.4863   -18.75    1.5221     0.00
  310    0.9900   -108.69    1.4848   -18.95    1.5185     0.00
  311    0.9900   -110.54    1.4831   -19.18    1.5148     0.00
  312    0.9900   -112.16    1.4812   -19.42    1.5110     0.00
  313    0.9900   -113.58    1.4790   -19.70    1.5071     0.00
  314    0.9900   -114.82    1.4765   -20.02    1.5031     0.00
  315    0.9900   -115.89    1.4737   -20.38    1.4990     0.00
  316    0.9900   -116.81    1.4705   -20.80    1.4948     0.00
  317    0.9900   -117.58    1.4668   -21.28    1.4906     0.00
  318    0.9900   -118.23    1.4627   -21.84    1.4863     0.00
  319    0.9900   -118.76    1.4581   -22.47    1.4820     0.00
  320    0.9900   -119.20    1.4528   -23.20    1.4777     0.00
  321    0.9900   -119.56    1.4470   -24.03    1.4733     0.00
  322    0.9900   -119.85    1.4405   -24.97    1.4690     0.00
  323    0.9900   -120.09    1.4334   -26.03    1.4647     0.00
  324    0.9900   -120.28    1.4255   -27.20    1.4604     0.00
  325    0.9900   -120.44    1.4169   -28.51    1.4561     0.00
  326    0.9900   -120.58    1.4076   -29.93    1.4520     0.00
  327    0.9900   -120.69    1.3976   -31.49    1.4479     0.00
  328    0.9900   -120.79    1.3870   -33.17    1.4439     0.00
  329    0.9900   -120.87    1.3757   -34.96    1.4401     0.00
  330    0.9900   -120.94    1.3639   -36.86    1.4363     0.00
  331    0.9900   -121.01    1.3516   -38.86    1.4327     0.00
  332    0.9900   -121.06    1.3388   -40.95    1.4292     0.00
  333    0.9900   -121.10    1.3257   -43.12    1.4259     0.00
  334    0.9900   -121.12    1.3123   -45.34    1.4227     0.00
  335    0.9900   -121.13    1.2987   -47.61    1.4196     0.00
  336    0.9900   -121.13    1.2850   -49.91    1.4167     0.00
  337    0.9900   -121.11    1.2713   -52.22    1.4139     0.00
  338    0.9900   -121.08    1.2576   -54.54    1.4112     0.00
  339    0.9900   -121.03    1.2440   -56.84    1.4086     0.00
  340    0.9900   -120.96    1.2306   -59.10    1.4061     0.00
  341    0.9900   -120.87    1.2174   -61.33    1.4037     0.00
  342    0.9900   -120.77    1.2045   -63.51    1.4014     0.00
  343    0.9900   -120.64    1.1919   -65.62    1.3990     0.00
  344    0.9900   -120.51    1.1796   -67.67    1.3966     0.00
  345    0.9900   -120.35    1.1676   -69.65    1.3942     0.00
  346    0.9900   -120.18    1.1560   -71.56    1.3918     0.00
  347    0.9900   -119.99    1.1447   -73.40    1.3892     0.00
  348    0.9900   -119.78    1.1337   -75.15    1.3864     0.00
  349    0.9900   -119.56    1.1231   -76.84    1.3834     0.00
  350    0.9900   -119.33    1.1129   -78.44    1.3802     0.00
  351    0.9900   -119.08    1.1029   -79.97    1.3767     0.00
  352    0.9900   -118.81    1.0933   -81.43    1.3728     0.00
  353    0.9900   -118.53    1.0841   -82.82    1.3685     0.00
  354    0.9900   -118.24    1.0751   -84.13    1.3638     0.00
  355    0.9900   -117.93    1.0665   -85.38    1.3586     0.00
  356    0.9900   -117.61    1.0582   -86.55    1.3528     0.00
  357    0.9900   -117.28    1.0502   -87.66    1.3464     0.00
  358    0.9900   -116.93    1.0425   -88.71    1.3395     0.00
  359    0.9900   -116.57    1.0352   -89.69    1.3319     0.00
  360    0.9900   -116.19    1.0282   -90.61    1.3236     0.00
