  360    2399.09
  361    2452.12
  362    2502.75
  363    2550.82
  364    2596.20
  365    2638.75
  366    2678.36
  367    2714.90
  368    2748.29
  369    2778.44
  370    2805.26
  371    2828.68
  372    2848.65
  373    2865.11
  374    2878.02
  375    2887.35
  376    2893.07
  377    2895.23
  378    2888.25
  379    2874.53
  380    2860.53
  381    2867.46
  382    2852.17
  383    2836.85
  384    2821.51
  385    2806.17
  386    2790.85
  387    2775.56
  388    2760.32
  389    2745.15
  390    2730.04
  391    2715.03
  392    2700.10
  393    2685.28
  394    2670.57
  395    2655.98
  396    2641.51
  397    2627.18
  398    2612.97
  399    2598.91
  400    2584.98
  401    2571.20
  402    2557.57
  403    2544.09
  404    2530.75
  405    2517.58
  406    2504.55
  407    2491.68
  408    2478.97
  409    2466.41
  410    2454.01
  411    2441.77
  412    2429.68
  413    2417.75
  414    2405.97
  415    2394.35
  416    2382.88
  417    2371.57
  418    2360.41
  419    2349.41
  420    2338.55
  421    2327.85
  422    2317.29
  423    2306.89
  424    2296.63
  425    2286.52
  426    2276.55
  427    2266.72
  428    2257.04
  429    2247.50
  430    2238.10
  431    2228.84
  432    2219.71
  433    2210.72
  434    2201.87
  435    2193.15
  436    2184.56
  437    2176.10
  438    2167.76
  439    2159.56
  440    2151.48
  441    2143.53
  442    2135.69
  443    2127.99
  444    2120.40
  445    2112.92
  446    2105.57
  447    2098.33
  448    2091.21
  449    2084.20
  450    2077.30
  451    2070.51
  452    2063.82
  453    2057.25
  454    2050.78
  455    2044.42
  456    2038.16
  457    2032.00
  458    2025.94
  459    2019.98
  460    2014.11
  461    2008.35
  462    2002.68
  463    1997.10
  464    1991.61
  465    1986.22
  466    1980.91
  467    1975.69
  468    1970.56
  469    1965.52
  470    1960.56
  471    1955.68
  472    1950.89
  473    1946.17
  474    1941.54
  475    1936.99
  476    1931.71
  477    1927.02
  478    1922.40
  479    1917.86
  480    1913.38
  481    1908.94
  482    1904.54
  483    1900.19
  484    1895.87
  485    1891.60
  486    1887.35
  487    1883.11
  488    1878.88
  489    1874.65
  490    1870.43
  491    1866.20
  492    1861.95
  493    1857.67
  494    1853.35
  495    1848.97
  496    1844.50
  497    1839.96
  498    1835.30
  499    1830.54
  500    1825.65
  501    1820.63
  502    1815.47
  503    1810.16
  504    1804.69
  505    1799.06
  506    1793.24
  507    1787.23
  508    1781.02
  509    1774.62
  510    1768.06
  511    1761.35
  512    1754.46
  513    1747.40
  514    1740.18
  515    1732.80
  516    1725.25
  517    1717.55
  518    1709.72
  519    1701.77
  520    1693.69
  521    1685.43
  522    1676.99
  523    1668.39
  524    1659.63
  525    1650.70
  526    1641.62
  527    1632.39
  528    1623.00
  529    1613.48
  530    1603.81
  531    1594.11
  532    1584.46
  533    1574.91
  534    1565.48
  535    1556.20
  536    1547.01
  537    1537.84
  538    1528.69
  539    1519.59
  540    1510.54
  541    1501.57
  542    1492.69
  543    1483.92
  544    1475.28
  545    1466.77
  546    1458.43
  547    1450.26
  548    1442.28
  549    1434.48
  550    1426.89
  551    1419.50
  552    1412.33
  553    1405.39
  554    1398.69
  555    1392.23
  556    1386.01
  557    1380.05
  558    1374.35
  559    1368.91
  560    1363.74
  561    1358.85
  562    1354.24
  563    1349.90
  564    1345.86
  565    1342.09
  566    1338.61
  567    1335.40
  568    1332.46
  569    1329.78
  570    1327.35
  571    1325.15
  572    1323.16
  573    1321.35
  574    1319.73
  575    1318.24
  576    1316.88
  577    1315.62
  578    1314.42
  579    1313.27
  580    1312.12
  581    1310.95
  582    1309.74
  583    1308.47
  584    1307.10
  585    1305.62
  586    1304.01
  587    1302.26
  588    1300.35
  589    1298.26
  590    1296.00
  591    1293.55
  592    1290.91
  593    1288.07
  594    1285.05
  595    1281.83
  596    1278.43
  597    1274.85
  598    1271.09
  599    1267.17
  600    1263.08
  601    1258.83
  602    1254.44
  603    1249.90
  604    1245.24
  605    1240.45
  606    1235.55
  607    1230.54
  608    1225.44
  609    1220.24
  610    1214.96
  611    1209.62
  612    1204.21
  613    1198.74
  614    1193.23
  615    1187.68
  616    1182.10
  617    1176.49
  618    1170.87
  619    1165.24
  620    1159.61
  621    1153.99
  622    1148.38
  623    1142.80
  624    1137.25
  625    1131.74
  626    1126.28
  627    1120.88
  628    1115.55
  629    1110.31
  630    1105.17
  631    1100.14
  632    1095.23
  633    1090.48
  634    1085.90
  635    1081.52
  636    1077.38
  637    1073.51
  638    1069.97
  639    1066.80
  640    1064.06
  641    1061.82
  642    1060.18
  643    1059.20
  644    1058.98
  645    1059.62
  646    1061.18
  647    1063.72
  648    1067.33
  649    1072.61
  650    1078.29
  651    1084.41
  652    1090.90
  653    1097.67
  654    1104.58
  655    1111.48
  656    1118.24
  657    1124.75
  658    1130.90
  659    1136.63
  660    1141.29
  661    1145.54
  662    1149.71
  663    1153.43
  664    1156.68
  665    1159.47
  666    1161.80
  667    1163.71
  668    1165.23
  669    1166.38
  670    1167.19
  671    1167.71
  672    1167.97
  673    1167.99
  674    1167.82
  675    1167.48
  676    1167.00
  677    1166.42
  678    1165.74
  679    1165.00
  680    1164.21
  681    1163.39
  682    1162.53
  683    1161.50
  684    1160.34
  685    1159.07
  686    1157.71
  687    1156.28
  688    1154.81
  689    1153.30
  690    1151.76
  691    1150.22
  692    1148.67
  693    1147.12
  694    1145.57
  695    1144.03
  696    1142.49
  697    1140.95
  698    1139.41
  699    1137.86
  700    1136.30
  701    667.44
  702    1116.60
  703    1112.58
  704    1106.95
  705    1101.75
  706    1096.80
  707    1092.06
  708    1087.44
  709    1082.91
  710    1078.46
  711    1074.02
  712    1069.56
  713    1065.07
  714    1060.43
  715    1055.69
  716    1051.33
  717    1046.42
  718    1040.92
  719    1034.83
  720    1027.82
    1    1019.88
    2    1011.03
    3    1001.10
    4    990.17
    5    978.43
    6    965.91
    7    952.86
    8    939.58
    9    926.32
   10    913.40
   11    901.22
   12    890.17
   13    880.58
   14    872.52
   15    865.84
   16    860.25
   17    855.46
   18    850.54
   19    846.81
   20    843.32
   21    839.83
   22    836.40
   23    832.91
   24    829.35
   25    825.69
   26    821.88
   27    817.90
   28    813.69
   29    809.23
   30    804.54
   31    799.64
   32    794.52
   33    789.16
   34    783.55
   35    777.64
   36    771.50
   37    758.50
   38    744.67
   39    730.77
   40    716.90
   41    703.18
   42    689.67
   43    676.43
   44    663.53
   45    650.99
   46    638.83
   47    627.08
   48    615.73
   49    604.71
   50    594.04
   51    583.73
   52    573.81
   53    564.27
   54    555.11
   55    546.34
   56    537.94
   57    529.92
   58    522.26
   59    514.95
   60    508.00
   61    501.37
   62    495.07
   63    489.07
   64    483.37
   65    477.95
   66    472.80
   67    467.90
   68    463.24
   69    458.82
   70    454.62
   71    450.62
   72    446.81
   73    443.20
   74    439.76
   75    436.48
   76    433.36
   77    430.39
   78    427.56
   79    424.86
   80    422.28
   81    419.83
   82    417.48
   83    415.25
   84    413.11
   85    411.07
   86    409.11
   87    407.25
   88    405.46
   89    403.75
   90    402.12
   91    400.56
   92    399.06
   93    397.62
   94    396.25
   95    394.94
   96    393.67
   97    392.47
   98    391.31
   99    390.20
  100    389.14
  101    388.13
  102    387.16
  103    386.23
  104    385.34
  105    384.49
  106    383.67
  107    382.90
  108    382.16
  109    381.46
  110    380.78
  111    380.15
  112    379.54
  113    378.97
  114    378.42
  115    377.91
  116    377.42
  117    376.96
  118    376.53
  119    376.12
  120    375.74
  121    375.38
  122    375.04
  123    374.73
  124    374.43
  125    374.15
  126    373.89
  127    373.65
  128    373.41
  129    373.19
  130    372.98
  131    372.78
  132    372.58
  133    372.39
  134    372.21
  135    372.03
  136    371.85
  137    371.68
  138    371.51
  139    371.34
  140    371.17
  141    371.01
  142    370.86
  143    370.71
  144    370.56
  145    370.43
  146    370.30
  147    370.19
  148    370.09
  149    370.01
  150    369.95
  151    369.91
  152    369.89
  153    369.90
  154    369.93
  155    369.99
  156    370.07
  157    370.18
  158    370.31
  159    370.46
  160    370.64
  161    370.82
  162    371.03
  163    371.24
  164    371.47
  165    371.71
  166    371.95
  167    372.21
  168    372.47
  169    372.73
  170    373.00
  171    373.28
  172    373.56
  173    373.85
  174    374.14
  175    374.43
  176    374.73
  177    375.03
  178    375.34
  179    375.65
  180    375.97
  181    376.29
  182    376.62
  183    376.96
  184    377.31
  185    377.67
  186    378.03
  187    378.40
  188    378.78
  189    379.16
  190    379.55
  191    379.95
  192    380.36
  193    380.78
  194    381.20
  195    381.63
  196    382.07
  197    382.51
  198    382.97
  199    383.43
  200    383.90
  201    384.38
  202    384.87
  203    385.37
  204    385.87
  205    386.39
  206    386.91
  207    387.45
  208    388.00
  209    388.55
  210    389.12
  211    389.70
  212    390.29
  213    390.89
  214    391.50
  215    392.12
  216    392.76
  217    393.41
  218    394.08
  219    394.75
  220    395.44
  221    396.15
  222    396.87
  223    397.61
  224    398.36
  225    399.13
  226    399.92
  227    400.73
  228    401.55
  229    402.39
  230    403.25
  231    404.13
  232    405.03
  233    405.94
  234    406.88
  235    407.84
  236    408.82
  237    409.82
  238    410.84
  239    411.89
  240    412.96
  241    414.05
  242    415.16
  243    416.30
  244    417.45
  245    418.63
  246    419.83
  247    421.05
  248    422.31
  249    423.59
  250    424.89
  251    426.22
  252    427.59
  253    428.98
  254    430.40
  255    431.85
  256    433.33
  257    434.84
  258    436.38
  259    437.95
  260    439.54
  261    441.16
  262    442.81
  263    444.49
  264    446.21
  265    447.96
  266    449.75
  267    451.58
  268    453.45
  269    455.35
  270    457.29
  271    459.27
  272    461.29
  273    463.35
  274    465.45
  275    467.60
  276    469.78
  277    472.02
  278    474.29
  279    476.61
  280    478.98
  281    481.39
  282    483.85
  283    486.36
  284    488.92
  285    491.53
  286    494.19
  287    496.90
  288    499.66
  289    502.48
  290    505.35
  291    508.28
  292    511.26
  293    514.30
  294    517.39
  295    520.55
  296    523.76
  297    527.04
  298    530.37
  299    533.76
  300    537.22
  301    540.74
  302    544.32
  303    547.97
  304    551.68
  305    555.45
  306    559.29
  307    563.19
  308    567.16
  309    571.20
  310    575.30
  311    579.46
  312    583.69
  313    587.98
  314    592.34
  315    596.75
  316    601.23
  317    605.77
  318    610.37
  319    615.02
  320    619.73
  321    624.49
  322    629.29
  323    634.15
  324    639.04
  325    643.97
  326    667.36
  327    676.51
  328    686.17
  329    696.25
  330    713.41
  331    740.66
  332    771.90
  333    806.93
  334    845.54
  335    887.51
  336    932.65
  337    980.75
  338    1031.60
  339    1085.00
  340    1140.72
  341    1198.57
  342    1258.31
  343    1319.74
  344    1382.62
  345    1446.74
  346    1511.86
  347    1577.75
  348    1644.17
  349    1710.90
  350    1777.70
  351    1844.33
  352    1910.56
  353    1976.17
  354    2040.92
  355    2104.60
  356    2167.00
  357    2227.90
  358    2287.11
  359    2344.43
  360    2399.69
