  360    66.8539
  361    68.5382
  362    70.0354
  363    71.3353
  364    72.4301
  365    73.3147
  366    73.9867
  367    74.4461
  368    74.6955
  369    74.7395
  370    74.5848
  371    74.2397
  372    73.7138
  373    73.0181
  374    72.1642
  375    71.1644
  376    70.0314
  377    68.7779
  378    67.4165
  379    65.9598
  380    64.4199
  381    62.8084
  382    61.1365
  383    59.4134
  384    57.6477
  385    55.8472
  386    54.0538
  387    52.3095
  388    50.6158
  389    48.9736
  390    47.3835
  391    45.8457
  392    44.3600
  393    42.9259
  394    41.5429
  395    40.2099
  396    38.9261
  397    37.6903
  398    36.5012
  399    35.3576
  400    34.2581
  401    33.2012
  402    32.1856
  403    31.2098
  404    30.2723
  405    29.3719
  406    28.5069
  407    27.6762
  408    26.8783
  409    26.1119
  410    25.3758
  411    24.6686
  412    23.9892
  413    23.3364
  414    22.7092
  415    22.1064
  416    21.5270
  417    20.9699
  418    20.4343
  419    19.9193
  420    19.4238
  421    18.9472
  422    18.4886
  423    18.0473
  424    17.6224
  425    17.2133
  426    16.8194
  427    16.4400
  428    16.0744
  429    15.7221
  430    15.3826
  431    15.0553
  432    14.7397
  433    14.4353
  434    14.1416
  435    13.8583
  436    13.5849
  437    13.3210
  438    13.0662
  439    12.8201
  440    12.5825
  441    12.3529
  442    12.1311
  443    11.9167
  444    11.7095
  445    11.5091
  446    11.3154
  447    11.1280
  448    10.9468
  449    10.7714
  450    10.6017
  451    10.4375
  452    10.2786
  453    10.1247
  454    9.9756
  455    9.8313
  456    9.6915
  457    9.5561
  458    9.4249
  459    9.2978
  460    9.1746
  461    9.0552
  462    8.9394
  463    8.8272
  464    8.7184
  465    8.6129
  466    8.5105
  467    8.4113
  468    8.3150
  469    8.2216
  470    8.1310
  471    8.0431
  472    7.9579
  473    7.8751
  474    7.7948
  475    7.7169
  476    7.6412
  477    7.5678
  478    7.4966
  479    7.4274
  480    7.3603
  481    7.2952
  482    7.2319
  483    7.1706
  484    7.1110
  485    7.0532
  486    6.9971
  487    6.9426
  488    6.8898
  489    6.8386
  490    6.7888
  491    6.7406
  492    6.6938
  493    6.6484
  494    6.6044
  495    6.5617
  496    6.5203
  497    6.4802
  498    6.4413
  499    6.4037
  500    6.3642
  501    6.3266
  502    6.2902
  503    6.2547
  504    6.2202
  505    6.1867
  506    6.1540
  507    6.1221
  508    6.0910
  509    6.0605
  510    6.0305
  511    6.0012
  512    5.9722
  513    5.9437
  514    5.9153
  515    5.8870
  516    5.8586
  517    5.8300
  518    5.8011
  519    5.7715
  520    5.7412
  521    5.7102
  522    5.6781
  523    5.6450
  524    5.6107
  525    5.5751
  526    5.5379
  527    5.4992
  528    5.4590
  529    5.4174
  530    5.3747
  531    5.3306
  532    5.2854
  533    5.2390
  534    5.1915
  535    5.1430
  536    5.0938
  537    5.0440
  538    4.9933
  539    4.9415
  540    4.8886
  541    4.8348
  542    4.7800
  543    4.7244
  544    4.6680
  545    4.6109
  546    4.5531
  547    4.4949
  548    4.4365
  549    4.3781
  550    4.3197
  551    4.2614
  552    4.2031
  553    4.1451
  554    4.0872
  555    4.0297
  556    3.9725
  557    3.9156
  558    3.8593
  559    3.8034
  560    3.7481
  561    3.6934
  562    3.6394
  563    3.5860
  564    3.5331
  565    3.4810
  566    3.4295
  567    3.3787
  568    3.3284
  569    3.2785
  570    3.2289
  571    3.1796
  572    3.1307
  573    3.0824
  574    3.0354
  575    2.9898
  576    2.9456
  577    2.9025
  578    2.8604
  579    2.8195
  580    2.7796
  581    2.7408
  582    2.7031
  583    2.6664
  584    2.6306
  585    2.5959
  586    2.5621
  587    2.5292
  588    2.4973
  589    2.4663
  590    2.4364
  591    2.4075
  592    2.3797
  593    2.3528
  594    2.3269
  595    2.3020
  596    2.2780
  597    2.2549
  598    2.2326
  599    2.2112
  600    2.1906
  601    2.1707
  602    2.1515
  603    2.1329
  604    2.1150
  605    2.0975
  606    2.0806
  607    2.0642
  608    2.0481
  609    2.0325
  610    2.0172
  611    2.0021
  612    1.9873
  613    1.9727
  614    1.9582
  615    1.9439
  616    1.9297
  617    1.9156
  618    1.9015
  619    1.8876
  620    1.8736
  621    1.8597
  622    1.8459
  623    1.8320
  624    1.8182
  625    1.8043
  626    1.7905
  627    1.7767
  628    1.7629
  629    1.7491
  630    1.7354
  631    1.7217
  632    1.7080
  633    1.6944
  634    1.6808
  635    1.6672
  636    1.6537
  637    1.6403
  638    1.6269
  639    1.6137
  640    1.6005
  641    1.5875
  642    1.5746
  643    1.5617
  644    1.5490
  645    1.5365
  646    1.5241
  647    1.5118
  648    1.4997
  649    1.4877
  650    1.4758
  651    1.4640
  652    1.4522
  653    1.4404
  654    1.4287
  655    1.4172
  656    1.4056
  657    1.3937
  658    1.3816
  659    1.3694
  660    1.3569
  661    1.3442
  662    1.3314
  663    1.3184
  664    1.3054
  665    1.2921
  666    1.2787
  667    1.2650
  668    1.2511
  669    1.2371
  670    1.2230
  671    1.2087
  672    1.1943
  673    1.1799
  674    1.1654
  675    1.1510
  676    1.1365
  677    1.1221
  678    1.1078
  679    1.0936
  680    1.0795
  681    1.0657
  682    1.0519
  683    1.0385
  684    1.0253
  685    1.0126
  686    1.0006
  687    0.9892
  688    0.9786
  689    0.9688
  690    0.9597
  691    0.9514
  692    0.9440
  693    0.9373
  694    0.9316
  695    0.9267
  696    0.9226
  697    0.9195
  698    0.9173
  699    0.9160
  700    0.9156
  701    0.9161
  702    0.9176
  703    0.9199
  704    0.9231
  705    0.9271
  706    0.9315
  707    0.9363
  708    0.9412
  709    0.9463
  710    0.9513
  711    0.9560
  712    0.9604
  713    0.9639
  714    0.9665
  715    0.9679
  716    0.9679
  717    0.9665
  718    0.9671
  719    0.9642
  720    0.9577
    1    0.9494
    2    0.9394
    3    0.9277
    4    0.9145
    5    0.9001
    6    0.8849
    7    0.8689
    8    0.8524
    9    0.8355
   10    0.8187
   11    0.8018
   12    0.7851
   13    0.7685
   14    0.7525
   15    0.7370
   16    0.7223
   17    0.7084
   18    0.6955
   19    0.6835
   20    0.6735
   21    0.6571
   22    0.6418
   23    0.6276
   24    0.6146
   25    0.6027
   26    0.5920
   27    0.5823
   28    0.5738
   29    0.5662
   30    0.5596
   31    0.5539
   32    0.5489
   33    0.5447
   34    0.5411
   35    0.5381
   36    0.5357
   37    0.5338
   38    0.5324
   39    0.5314
   40    0.5307
   41    0.5304
   42    0.5303
   43    0.5304
   44    0.5307
   45    0.5309
   46    0.5312
   47    0.5314
   48    0.5317
   49    0.5318
   50    0.5320
   51    0.5320
   52    0.5320
   53    0.5319
   54    0.5317
   55    0.5315
   56    0.5313
   57    0.5309
   58    0.5305
   59    0.5301
   60    0.5295
   61    0.5289
   62    0.5283
   63    0.5276
   64    0.5269
   65    0.5262
   66    0.5255
   67    0.5248
   68    0.5242
   69    0.5236
   70    0.5231
   71    0.5227
   72    0.5223
   73    0.5220
   74    0.5218
   75    0.5219
   76    0.5221
   77    0.5225
   78    0.5232
   79    0.5241
   80    0.5251
   81    0.5265
   82    0.5280
   83    0.5298
   84    0.5319
   85    0.5341
   86    0.5366
   87    0.5393
   88    0.5422
   89    0.5453
   90    0.5485
   91    0.5520
   92    0.5556
   93    0.5594
   94    0.5633
   95    0.5673
   96    0.5715
   97    0.5758
   98    0.5802
   99    0.5847
  100    0.5893
  101    0.5940
  102    0.5987
  103    0.6035
  104    0.6084
  105    0.6134
  106    0.6183
  107    0.6234
  108    0.6285
  109    0.6336
  110    0.6388
  111    0.6440
  112    0.6492
  113    0.6544
  114    0.6596
  115    0.6649
  116    0.6701
  117    0.6754
  118    0.6806
  119    0.6859
  120    0.6911
  121    0.6964
  122    0.7016
  123    0.7068
  124    0.7120
  125    0.7172
  126    0.7224
  127    0.7275
  128    0.7327
  129    0.7378
  130    0.7429
  131    0.7480
  132    0.7530
  133    0.7580
  134    0.7630
  135    0.7680
  136    0.7729
  137    0.7778
  138    0.7827
  139    0.7875
  140    0.7924
  141    0.7971
  142    0.8019
  143    0.8066
  144    0.8113
  145    0.8160
  146    0.8206
  147    0.8252
  148    0.8299
  149    0.8345
  150    0.8392
  151    0.8439
  152    0.8486
  153    0.8534
  154    0.8582
  155    0.8629
  156    0.8677
  157    0.8726
  158    0.8774
  159    0.8823
  160    0.8872
  161    0.8922
  162    0.8971
  163    0.9021
  164    0.9072
  165    0.9123
  166    0.9174
  167    0.9225
  168    0.9276
  169    0.9328
  170    0.9381
  171    0.9434
  172    0.9487
  173    0.9541
  174    0.9595
  175    0.9649
  176    0.9704
  177    0.9759
  178    0.9813
  179    0.9868
  180    0.9922
  181    0.9976
  182    1.0030
  183    1.0083
  184    1.0136
  185    1.0189
  186    1.0241
  187    1.0293
  188    1.0344
  189    1.0394
  190    1.0444
  191    1.0493
  192    1.0542
  193    1.0589
  194    1.0637
  195    1.0683
  196    1.0730
  197    1.0776
  198    1.0822
  199    1.0868
  200    1.0913
  201    1.0959
  202    1.1005
  203    1.1051
  204    1.1098
  205    1.1146
  206    1.1194
  207    1.1244
  208    1.1295
  209    1.1347
  210    1.1400
  211    1.1456
  212    1.1512
  213    1.1571
  214    1.1631
  215    1.1694
  216    1.1758
  217    1.1824
  218    1.1892
  219    1.1962
  220    1.2035
  221    1.2109
  222    1.2186
  223    1.2266
  224    1.2348
  225    1.2432
  226    1.2519
  227    1.2608
  228    1.2701
  229    1.2796
  230    1.2894
  231    1.2994
  232    1.3097
  233    1.3204
  234    1.3314
  235    1.3428
  236    1.3545
  237    1.3666
  238    1.3791
  239    1.3920
  240    1.4053
  241    1.4190
  242    1.4332
  243    1.4478
  244    1.4629
  245    1.4784
  246    1.4944
  247    1.5110
  248    1.5281
  249    1.5457
  250    1.5639
  251    1.5827
  252    1.6021
  253    1.6221
  254    1.6428
  255    1.6642
  256    1.6862
  257    1.7090
  258    1.7326
  259    1.7569
  260    1.7820
  261    1.8080
  262    1.8348
  263    1.8626
  264    1.8913
  265    1.9210
  266    1.9516
  267    1.9834
  268    2.0163
  269    2.0503
  270    2.0855
  271    2.1219
  272    2.1596
  273    2.1987
  274    2.2392
  275    2.2812
  276    2.3246
  277    2.3697
  278    2.4164
  279    2.4649
  280    2.5151
  281    2.5673
  282    2.6214
  283    2.6776
  284    2.7359
  285    2.7965
  286    2.8594
  287    2.9247
  288    2.9927
  289    3.0633
  290    3.1367
  291    3.2131
  292    3.2925
  293    3.3752
  294    3.4612
  295    3.5507
  296    3.6440
  297    3.7411
  298    3.8422
  299    3.9476
  300    4.0575
  301    4.1720
  302    4.2913
  303    4.4158
  304    4.5456
  305    4.6810
  306    4.8223
  307    4.9697
  308    5.1236
  309    5.2841
  310    5.4517
  311    5.6266
  312    5.8092
  313    5.9998
  314    6.1987
  315    6.4063
  316    6.6229
  317    6.8490
  318    7.0848
  319    7.3308
  320    7.5872
  321    7.8544
  322    8.1329
  323    8.4227
  324    8.7244
  325    9.0381
  326    9.3640
  327    9.7023
  328    10.0532
  329    10.4166
  330    10.7925
  331    11.1808
  332    11.8003
  333    12.5268
  334    13.3738
  335    14.3476
  336    15.4508
  337    16.6848
  338    18.0504
  339    19.5473
  340    21.1744
  341    22.9295
  342    24.8091
  343    26.8084
  344    28.9210
  345    31.1389
  346    33.4525
  347    35.8503
  348    38.3191
  349    40.8440
  350    43.4084
  351    45.9940
  352    48.5817
  353    51.1509
  354    53.6805
  355    56.1492
  356    58.5355
  357    60.8185
  358    62.9782
  359    64.9958
  360    66.8542
