  360    1.2527    -13.16    1.1099     -7.93    1.0672      0.00
  361    1.2526    -15.44    1.1112     -9.90    1.0683      0.00
  362    1.2523    -17.69    1.1127    -11.86    1.0698      0.00
  363    1.2521    -19.91    1.1143    -13.80    1.0715      0.00
  364    1.2518    -22.08    1.1160    -15.72    1.0735      0.00
  365    1.2515    -24.22    1.1179    -17.61    1.0759      0.00
  366    1.2512    -26.31    1.1199    -19.48    1.0785      0.00
  367    1.2509    -28.36    1.1221    -21.30    1.0815      0.00
  368    1.2506    -30.37    1.1244    -23.09    1.0847      0.00
  369    1.2502    -32.34    1.1268    -24.83    1.0882      0.00
  370    1.2498    -34.26    1.1293    -26.51    1.0921      0.00
  371    1.2495    -36.14    1.1320    -28.14    1.0961      0.00
  372    1.2491    -37.98    1.1348    -29.70    1.1005      0.00
  373    1.2487    -39.78    1.1377    -31.20    1.1051      0.00
  374    1.2482    -41.53    1.1407    -32.62    1.1099      0.00
  375    1.2478    -43.23    1.1438    -33.97    1.1149      0.00
  376    1.2474    -44.89    1.1470    -35.24    1.1202      0.00
  377    1.2470    -46.50    1.1503    -36.43    1.1257      0.00
  378    1.2465    -48.07    1.1538    -37.54    1.1314      0.00
  379    1.2461    -49.58    1.1573    -38.56    1.1372      0.00
  380    1.2457    -51.05    1.1610    -39.50    1.1431      0.00
  381    1.2453    -52.47    1.1647    -40.35    1.1493      0.00
  382    1.2448    -53.84    1.1686    -41.11    1.1555      0.00
  383    1.2444    -55.16    1.1725    -41.78    1.1618      0.00
  384    1.2440    -56.43    1.1766    -42.36    1.1683      0.00
  385    1.2436    -57.64    1.1808    -42.86    1.1748      0.00
  386    1.2432    -58.80    1.1850    -43.27    1.1814      0.00
  387    1.2428    -59.91    1.1894    -43.59    1.1880      0.00
  388    1.2425    -60.96    1.1938    -43.83    1.1946      0.00
  389    1.2421    -61.94    1.1983    -43.99    1.2012      0.00
  390    1.2418    -62.87    1.2030    -44.07    1.2078      0.00
  391    1.2415    -63.73    1.2077    -44.07    1.2144      0.00
  392    1.2412    -64.52    1.2124    -43.99    1.2210      0.00
  393    1.2409    -65.26    1.2173    -43.85    1.2275      0.00
  394    1.2407    -65.92    1.2222    -43.64    1.2340      0.00
  395    1.2404    -66.51    1.2272    -43.36    1.2404      0.00
  396    1.2402    -67.03    1.2322    -43.02    1.2467      0.00
  397    1.2401    -67.48    1.2373    -42.63    1.2529      0.00
  398    1.2399    -67.86    1.2424    -42.18    1.2590      0.00
  399    1.2398    -68.15    1.2476    -41.68    1.2651      0.00
  400    1.2397    -68.37    1.2527    -41.14    1.2710      0.00
  401    1.2397    -68.51    1.2579    -40.55    1.2769      0.00
  402    1.2396    -68.57    1.2631    -39.93    1.2826      0.00
  403    1.2396    -68.54    1.2683    -39.28    1.2883      0.00
  404    1.2397    -68.43    1.2735    -38.59    1.2938      0.00
  405    1.2398    -68.23    1.2786    -37.88    1.2992      0.00
  406    1.2399    -67.95    1.2837    -37.14    1.3045      0.00
  407    1.2400    -67.57    1.2888    -36.39    1.3097      0.00
  408    1.2402    -67.10    1.2938    -35.61    1.3148      0.00
  409    1.2404    -66.54    1.2988    -34.83    1.3198      0.00
  410    1.2407    -65.89    1.3037    -34.03    1.3247      0.00
  411    1.2410    -65.15    1.3086    -33.22    1.3294      0.00
  412    1.2413    -64.31    1.3133    -32.40    1.3341      0.00
  413    1.2416    -63.38    1.3180    -31.58    1.3386      0.00
  414    1.2420    -62.35    1.3225    -30.75    1.3431      0.00
  415    1.2424    -61.23    1.3270    -29.91    1.3474      0.00
  416    1.2428    -60.02    1.3314    -29.07    1.3517      0.00
  417    1.2433    -58.71    1.3356    -28.23    1.3558      0.00
  418    1.2437    -57.32    1.3397    -27.39    1.3599      0.00
  419    1.2442    -55.84    1.3437    -26.54    1.3638      0.00
  420    1.2447    -54.27    1.3476    -25.69    1.3676      0.00
  421    1.2452    -52.62    1.3513    -24.83    1.3713      0.00
  422    1.2457    -50.88    1.3549    -23.97    1.3749      0.00
  423    1.2463    -49.08    1.3583    -23.11    1.3784      0.00
  424    1.2468    -47.19    1.3616    -22.24    1.3818      0.00
  425    1.2473    -45.24    1.3648    -21.36    1.3851      0.00
  426    1.2478    -43.22    1.3677    -20.47    1.3882      0.00
  427    1.2483    -41.14    1.3706    -19.57    1.3913      0.00
  428    1.2488    -39.00    1.3733    -18.67    1.3942      0.00
  429    1.2493    -36.81    1.3758    -17.75    1.3970      0.00
  430    1.2498    -34.57    1.3782    -16.81    1.3997      0.00
  431    1.2502    -32.27    1.3804    -15.87    1.4022      0.00
  432    1.2506    -29.95    1.3824    -14.91    1.4047      0.00
  433    1.2510    -27.59    1.3843    -13.93    1.4069      0.00
  434    1.2514    -25.21    1.3860    -12.94    1.4091      0.00
  435    1.2517    -22.81    1.3876    -11.93    1.4111      0.00
  436    1.2520    -20.40    1.3890    -10.90    1.4129      0.00
  437    1.2523    -17.98    1.3902     -9.86    1.4146      0.00
  438    1.2525    -15.56    1.3912     -8.79    1.4161      0.00
  439    1.2527    -13.13    1.3921     -7.71    1.4175      0.00
  440    1.2529    -10.71    1.3928     -6.62    1.4187      0.00
  441    1.2530     -8.30    1.3933     -5.50    1.4197      0.00
  442    1.2531     -5.89    1.3937     -4.37    1.4206      0.00
  443    1.2532     -3.51    1.3939     -3.22    1.4213      0.00
  444    1.2532     -1.14    1.3939     -2.06    1.4217      0.00
  445    1.2533      1.21    1.3937     -0.88    1.4220      0.00
  446    1.2533      3.52    1.3934      0.31    1.4221      0.00
  447    1.2533      5.80    1.3929      1.51    1.4220      0.00
  448    1.2533      8.04    1.3922      2.72    1.4217      0.00
  449    1.2533     10.25    1.3914      3.94    1.4212      0.00
  450    1.2533     12.41    1.3904      5.17    1.4205      0.00
  451    1.2533     14.53    1.3893      6.40    1.4196      0.00
  452    1.2533     16.61    1.3880      7.64    1.4185      0.00
  453    1.2533     18.64    1.3865      8.88    1.4171      0.00
  454    1.2533     20.64    1.3849     10.11    1.4156      0.00
  455    1.2533     22.59    1.3831     11.34    1.4138      0.00
  456    1.2533     24.49    1.3812     12.56    1.4119      0.00
  457    1.2533     26.35    1.3792     13.77    1.4097      0.00
  458    1.2533     28.17    1.3770     14.97    1.4073      0.00
  459    1.2533     29.95    1.3747     16.16    1.4047      0.00
  460    1.2533     31.68    1.3722     17.33    1.4020      0.00
  461    1.2533     33.37    1.3696     18.48    1.3990      0.00
  462    1.2533     35.01    1.3669     19.61    1.3958      0.00
  463    1.2533     36.60    1.3641     20.71    1.3925      0.00
  464    1.2533     38.15    1.3611     21.78    1.3889      0.00
  465    1.2533     39.65    1.3581     22.83    1.3852      0.00
  466    1.2533     41.10    1.3549     23.84    1.3813      0.00
  467    1.2533     42.50    1.3517     24.81    1.3773      0.00
  468    1.2533     43.85    1.3483     25.75    1.3731      0.00
  469    1.2533     45.15    1.3449     26.66    1.3688      0.00
  470    1.2533     46.40    1.3414     27.52    1.3643      0.00
  471    1.2533     47.60    1.3377     28.34    1.3597      0.00
  472    1.2533     48.74    1.3340     29.11    1.3550      0.00
  473    1.2533     49.83    1.3303     29.84    1.3501      0.00
  474    1.2533     50.86    1.3265     30.53    1.3452      0.00
  475    1.2533     51.82    1.3226     31.16    1.3402      0.00
  476    1.2533     52.73    1.3186     31.75    1.3351      0.00
  477    1.2533     53.58    1.3146     32.29    1.3300      0.00
  478    1.2533     54.37    1.3106     32.79    1.3247      0.00
  479    1.2533     55.09    1.3065     33.23    1.3195      0.00
  480    1.2533     55.75    1.3023     33.63    1.3141      0.00
  481    1.2533     56.34    1.2981     33.98    1.3088      0.00
  482    1.2533     56.87    1.2939     34.28    1.3034      0.00
  483    1.2533     57.33    1.2897     34.53    1.2980      0.00
  484    1.2533     57.71    1.2854     34.74    1.2926      0.00
  485    1.2533     58.03    1.2811     34.90    1.2872      0.00
  486    1.2533     58.27    1.2768     35.02    1.2819      0.00
  487    1.2533     58.44    1.2725     35.09    1.2765      0.00
  488    1.2533     58.53    1.2682     35.12    1.2711      0.00
  489    1.2533     58.55    1.2639     35.11    1.2658      0.00
  490    1.2533     58.50    1.2596     35.06    1.2605      0.00
  491    1.2533     58.37    1.2553     34.97    1.2553      0.00
  492    1.2533     58.17    1.2510     34.84    1.2501      0.00
  493    1.2533     57.89    1.2468     34.67    1.2450      0.00
  494    1.2533     57.54    1.2425     34.47    1.2399      0.00
  495    1.2533     57.11    1.2384     34.22    1.2350      0.00
  496    1.2533     56.61    1.2342     33.95    1.2300      0.00
  497    1.2533     56.04    1.2301     33.63    1.2252      0.00
  498    1.2533     55.40    1.2260     33.29    1.2204      0.00
  499    1.2533     54.68    1.2220     32.90    1.2157      0.00
  500    1.2533     53.90    1.2180     32.49    1.2111      0.00
  501    1.2533     53.05    1.2141     32.05    1.2075      0.42
  502    1.2533     52.13    1.2103     31.57    1.2038      0.83
  503    1.2533     51.14    1.2066     31.06    1.2008      1.50
  504    1.2533     50.09    1.2029     30.52    1.1983      2.32
  505    1.2533     48.99    1.1993     29.95    1.1961      3.23
  506    1.2533     47.82    1.1958     29.35    1.1946      4.46
  507    1.2533     46.59    1.1924     28.73    1.1934      5.69
  508    1.2533     45.31    1.1891     28.07    1.1935      7.57
  509    1.2533     43.98    1.1859     27.38    1.1942      9.60
  510    1.2533     42.60    1.1828     26.67    1.1954     11.84
  511    1.2533     41.17    1.1798     25.94    1.1975     14.39
  512    1.2533     39.70    1.1770     25.20    1.1998     16.93
  513    1.2533     38.19    1.1744     24.45    1.2050     20.86
  514    1.2533     36.63    1.1719     23.71    1.2113     25.18
  515    1.2533     35.04    1.1697     22.99    1.2190     30.03
  516    1.2533     33.42    1.1678     22.31    1.2289     35.81
  517    1.2533     31.76    1.1662     21.69    1.2392     41.53
  518    1.2533     30.08    1.1649     21.14    1.2534     48.99
  519    1.2533     28.37    1.1641     20.68    1.2682     56.42
  520    1.2533     26.63    1.1637     20.34    1.2850     64.57
  521    1.2533     24.88    1.1638     20.12    1.3034     73.25
  522    1.2533     23.10    1.1645     20.07    1.3227     82.02
  523    1.2533     21.31    1.1658     20.21    1.3449     91.85
  524    1.2533     19.51    1.1678     20.57    1.3674    101.54
  525    1.2533     17.70    1.1706     21.20    1.3926    112.12
  526    1.2533     15.88    1.1744     22.16    1.4189    122.88
  527    1.2533     14.05    1.1792     23.50    1.4452    133.39
  528    1.2533     12.23    1.1853     25.27    1.4697    142.84
  529    1.2533     10.41    1.1928     27.55    1.4938    151.95
  530    1.2533      8.60    1.2019     30.41    1.5186    161.22
  531    1.2533      6.81    1.2127     33.92    1.5431    170.18
  532    1.2533      5.05    1.2255     38.13    1.5673    178.96
  533    1.2533      3.32    1.2405     43.09    1.5914    187.52
  534    1.2533      1.64    1.2577     48.85    1.6145    195.63
  535    1.2533      0.02    1.2774     55.43    1.6351    202.67
  536    1.2532     -1.47    1.2996     62.83    1.6552    209.50
  537    1.2532     -2.85    1.3243     71.01    1.6782    217.34
  538    1.2532     -4.15    1.3513     79.86    1.7038    226.01
  539    1.2532     -5.32    1.3804     89.23    1.7294    234.54
  540    1.2531     -6.34    1.4113     98.96    1.7551    242.94
  541    1.2531     -7.17    1.4434    108.86    1.7810    251.23
  542    1.2531     -7.77    1.4763    118.79    1.8067    259.24
  543    1.2531     -8.11    1.5097    128.58    1.8325    267.10
  544    1.2531     -8.13    1.5431    138.08    1.8587    274.87
  545    1.2531     -7.77    1.5762    147.20    1.8852    282.56
  546    1.2531     -6.96    1.6088    155.89    1.9100    289.49
  547    1.2532     -5.62    1.6410    164.25    1.9309    295.02
  548    1.2532     -3.64    1.6732    172.36    1.9516    300.38
  549    1.2532     -0.90    1.7057    180.36    1.9722    305.57
  550    1.2533      2.75    1.7386    188.28    1.9927    310.61
  551    1.2533      7.44    1.7721    196.14    2.0131    315.48
  552    1.2533     13.38    1.8060    203.94    2.0328    320.07
  553    1.2533     20.72    1.8401    211.62    2.0525    324.51
  554    1.2533     29.67    1.8743    219.15    2.0717    328.72
  555    1.2533     40.41    1.9083    226.42    2.0907    332.76
  556    1.2533     53.13    1.9412    233.25    2.1090    336.48
  557    1.2533     67.97    1.9728    239.57    2.1266    339.88
  558    1.2533     85.02    2.0028    245.36    2.1441    343.16
  559    1.2533    104.32    2.0315    250.67    2.1600    345.89
  560    1.2533    125.65    2.0588    255.58    2.1757    348.49
  561    1.2533    148.74    2.0851    260.16    2.1916    351.05
  562    1.2533    173.25    2.1106    264.48    2.2079    353.64
  563    1.2533    198.81    2.1352    268.58    2.2261    356.12
  564    1.2533    224.99    2.1590    272.50    2.2433    358.40
  565    1.2533    251.22    2.1819    276.23    2.2601    360.56
  566    1.2533    277.31    2.2039    279.78    2.2763    362.57
  567    1.2533    303.06    2.2249    283.16    2.2952    365.10
  568    1.2533    328.27    2.2447    286.36    2.3211    369.26
  569    1.2533    352.78    2.2633    289.41    2.3464    373.09
  570    1.2533    376.42    2.2808    292.38    2.3724    376.91
  571    1.2533    398.98    2.2975    295.35    2.3991    380.73
  572    1.2533    420.31    2.3132    298.34    2.4183    382.62
  573    1.2533    440.31    2.3281    301.41    2.4054    376.77
  574    1.2533    458.96    2.3420    304.52    2.3913    370.79
  575    1.2533    476.29    2.3552    307.76    2.3766    364.79
  576    1.2533    492.41    2.3687    311.43    2.3567    357.69
  577    1.2533    507.43    2.3832    315.68    2.3356    350.45
  578    1.2533    521.46    2.3985    320.55    2.3145    343.36
  579    1.2533    534.58    2.4147    326.02    2.2934    336.37
  580    1.2533    546.86    2.4301    331.67    2.2725    329.51
  581    1.2533    558.39    2.4402    336.43    2.2521    322.79
  582    1.2533    569.25    2.4414    339.23    2.2327    316.31
  583    1.2533    579.52    2.4337    340.20    2.2155    310.31
  584    1.2533    589.30    2.4189    339.78    2.1986    304.29
  585    1.2533    598.67    2.3982    338.30    2.1817    298.51
  586    1.2533    607.71    2.3732    336.13    2.1654    292.62
  587    1.2533    616.59    2.3455    333.67    2.1498    286.65
  588    1.2533    625.60    2.3160    331.10    2.1345    280.68
  589    1.2533    635.03    2.2852    328.54    2.1187    274.49
  590    1.2533    645.09    2.2539    326.13    2.1034    268.40
  591    1.2533    655.58    2.2221    324.00    2.0885    262.44
  592    1.2533    665.67    2.1905    322.20    2.0741    256.66
  593    1.2533    674.14    2.1593    320.69    2.0601    251.07
  594    1.2533    679.99    2.1285    319.39    2.0463    245.69
  595    1.2533    682.76    2.0979    318.26    2.0329    240.55
  596    1.2533    682.45    2.0674    317.26    2.0197    235.67
  597    1.2533    679.44    2.0370    316.35    2.0067    231.07
  598    1.2533    674.39    2.0067    315.51    1.9938    226.74
  599    1.2533    667.84    1.9766    314.70    1.9810    222.72
  600    1.2533    660.19    1.9466    313.94    1.9684    219.01
  601    1.2533    651.91    1.9171    313.22    1.9557    215.63
  602    1.2533    643.21    1.8880    312.56    1.9431    212.58
  603    1.2533    634.25    1.8594    311.98    1.9304    209.87
  604    1.2533    625.17    1.8313    311.49    1.9177    207.50
  605    1.2533    616.20    1.8040    311.09    1.9049    205.46
  606    1.2533    607.26    1.7772    310.79    1.8920    203.75
  607    1.2533    598.25    1.7512    310.60    1.8789    202.37
  608    1.2533    589.36    1.7259    310.50    1.8656    201.30
  609    1.2533    580.38    1.7013    310.50    1.8523    200.54
  610    1.2533    571.24    1.6774    310.60    1.8388    200.07
  611    1.2533    561.96    1.6543    310.80    1.8251    199.87
  612    1.2533    552.87    1.6319    311.10    1.8113    199.91
  613    1.2533    543.69    1.6101    311.51    1.7974    200.19
  614    1.2533    534.42    1.5891    312.01    1.7833    200.66
  615    1.2533    525.52    1.5688    312.60    1.7690    201.31
  616    1.2533    516.55    1.5492    313.29    1.7546    202.12
  617    1.2533    508.03    1.5302    314.07    1.7400    203.07
  618    1.2533    500.70    1.5118    314.94    1.7253    204.14
  619    1.2533    492.34    1.4941    315.88    1.7106    205.28
  620    1.2533    483.85    1.4770    316.90    1.6958    206.53
  621    1.2533    475.50    1.4604    317.98    1.6810    207.85
  622    1.2533    467.34    1.4443    319.13    1.6660    209.24
  623    1.2533    459.42    1.4288    320.32    1.6511    210.67
  624    1.2533    451.75    1.4137    321.55    1.6361    212.14
  625    1.2533    444.34    1.3991    322.81    1.6210    213.62
  626    1.2533    437.18    1.3849    324.08    1.6060    215.12
  627    1.2533    430.29    1.3711    325.36    1.5909    216.61
  628    1.2533    423.67    1.3577    326.63    1.5759    218.11
  629    1.2533    417.30    1.3446    327.88    1.5610    219.60
  630    1.2533    411.18    1.3319    329.11    1.5461    221.08
  631    1.2533    405.31    1.3194    330.30    1.5313    222.54
  632    1.2533    399.68    1.3072    331.45    1.5165    223.98
  633    1.2533    394.28    1.2954    332.54    1.5019    225.39
  634    1.2533    389.12    1.2838    333.58    1.4873    226.78
  635    1.2533    384.17    1.2725    334.55    1.4728    228.13
  636    1.2533    379.42    1.2614    335.44    1.4585    229.45
  637    1.2533    374.85    1.2506    336.24    1.4442    230.71
  638    1.2533    370.44    1.2400    336.96    1.4300    231.95
  639    1.2533    366.17    1.2297    337.58    1.4160    233.17
  640    1.2533    362.04    1.2196    338.11    1.4022    234.35
  641    1.2533    358.03    1.2098    338.52    1.3885    235.50
  642    1.2533    354.13    1.2002    338.83    1.3750    236.62
  643    1.2533    350.31    1.1909    339.02    1.3616    237.71
  644    1.2533    346.57    1.1819    339.10    1.3484    238.76
  645    1.2533    342.88    1.1731    339.04    1.3353    239.79
  646    1.2533    339.24    1.1646    338.86    1.3224    240.79
  647    1.2533    335.65    1.1564    338.53    1.3098    241.76
  648    1.2533    332.08    1.1485    338.06    1.2973    242.71
  649    1.2533    328.54    1.1410    337.45    1.2858    244.03
  650    1.2533    325.00    1.1337    336.68    1.2749    245.42
  651    1.2533    321.48    1.1268    335.76    1.2641    246.76
  652    1.2533    317.95    1.1202    334.68    1.2534    248.03
  653    1.2533    314.43    1.1140    333.44    1.2428    249.25
  654    1.2533    310.89    1.1082    332.03    1.2324    250.40
  655    1.2533    307.35    1.1027    330.44    1.2216    251.31
  656    1.2533    303.79    1.0977    328.68    1.2095    251.48
  657    1.2533    300.23    1.0930    326.75    1.1972    251.51
  658    1.2533    296.65    1.0889    324.67    1.1847    251.37
  659    1.2533    293.05    1.0853    322.47    1.1720    251.03
  660    1.2533    289.43    1.0822    320.16    1.1591    250.47
  661    1.2533    285.80    1.0797    317.74    1.1459    249.66
  662    1.2533    282.15    1.0778    315.20    1.1325    248.74
  663    1.2533    278.50    1.0763    312.52    1.1190    247.66
  664    1.2533    274.83    1.0751    309.66    1.1063    246.74
  665    1.2533    271.15    1.0742    306.57    1.0937    245.76
  666    1.2533    267.46    1.0733    303.22    1.0809    244.56
  667    1.2533    263.77    1.0724    299.58    1.0681    243.17
  668    1.2533    260.08    1.0715    295.64    1.0552    241.58
  669    1.2533    256.40    1.0704    291.40    1.0422    239.79
  670    1.2533    252.74    1.0692    286.89    1.0292    237.80
  671    1.2533    249.11    1.0679    282.13    1.0162    235.59
  672    1.2533    245.53    1.0664    277.15    1.0032    233.18
  673    1.2533    242.02    1.0648    272.00    0.9900    230.51
  674    1.2533    238.58    1.0631    266.72    0.9769    227.63
  675    1.2533    235.22    1.0613    261.34    0.9640    224.59
  676    1.2533    231.94    1.0595    255.88    0.9512    221.33
  677    1.2533    228.70    1.0576    250.36    0.9384    217.86
  678    1.2533    225.48    1.0555    244.77    0.9257    214.12
  679    1.2533    222.24    1.0532    239.11    0.9132    210.17
  680    1.2533    218.92    1.0508    233.39    0.9010    206.09
  681    1.2533    215.48    1.0481    227.60    0.8892    201.83
  682    1.2533    211.88    1.0451    221.74    0.8776    197.34
  683    1.2533    208.10    1.0420    215.79    0.8659    192.40
  684    1.2533    204.11    1.0387    209.78    0.8542    187.11
  685    1.2533    199.91    1.0350    203.70    0.8419    181.00
  686    1.2533    195.49    1.0312    197.57    0.8302    174.77
  687    1.2533    190.88    1.0272    191.37    0.8190    168.43
  688    1.2533    186.08    1.0229    185.11    0.8086    162.01
  689    1.2533    181.11    1.0185    178.79    0.7987    155.50
  690    1.2533    175.99    1.0139    172.43    0.7894    148.82
  691    1.2533    170.73    1.0092    166.02    0.7808    142.06
  692    1.2533    165.35    1.0044    159.57    0.7729    135.24
  693    1.2533    159.84    0.9994    153.06    0.7657    128.41
  694    1.2533    154.22    0.9943    146.48    0.7592    121.53
  695    1.2533    148.49    0.9890    139.79    0.7533    114.57
  696    1.2533    142.64    0.9835    133.01    0.7480    107.56
  697    1.2533    136.67    0.9778    126.16    0.7434    100.62
  698    1.2533    130.59    0.9721    119.23    0.7395     93.76
  699    1.2533    124.40    0.9662    112.26    0.7361     86.92
  700    1.2533    118.09    0.9604    105.25    0.7332     80.10
  701    1.2533    111.67    0.9545     98.23    0.7306     73.31
  702    1.2533    105.14    0.9487     91.22    0.7286     66.67
  703    1.2533     98.51    0.9431     84.22    0.7265     59.84
  704    1.2533     91.78    0.9376     77.25    0.7257     53.72
  705    1.2533     84.95    0.9323     70.32    0.7261     48.31
  706    1.2533     78.04    0.9273     63.42    0.7266     42.99
  707    1.2533     71.03    0.9225     56.55    0.7278     38.10
  708    1.2533     63.94    0.9181     49.73    0.7292     33.36
  709    1.2533     56.76    0.9141     42.93    0.7312     28.98
  710    1.2533     49.50    0.9104     36.16    0.7337     25.06
  711    1.2533     42.16    0.9071     29.42    0.7363     21.23
  712    1.2533     34.73    0.9041     22.71    0.7405     18.46
  713    1.2533     27.24    0.9016     16.01    0.7446     15.71
  714    1.2533     19.68    0.8996      9.32    0.7495     13.56
  715    1.2533     12.06    0.8980      2.64    0.7549     11.74
  716    1.2533      4.40    0.8969     -4.02    0.7604     10.07
  717    1.2532     -1.28    0.8964    -10.63    0.7665      8.80
  718    1.2531     -6.89    0.8963    -17.19    0.7694      6.17
  719    1.2528    -13.09    0.8968    -23.69    0.7786      6.79
  720    1.2521    -19.58    0.8979    -30.13    0.7856      5.86
    1    1.2513    -26.22    0.8995    -36.48    0.7926      5.02
    2    1.2501    -32.87    0.9016    -42.74    0.7998      4.31
    3    1.2487    -39.47    0.9043    -48.88    0.8070      3.62
    4    1.2471    -45.99    0.9076    -54.90    0.8144      2.95
    5    1.2453    -52.38    0.9115    -60.75    0.8221      2.30
    6    1.2433    -58.63    0.9160    -66.43    0.8299      1.69
    7    1.2411    -64.71    0.9211    -71.94    0.8381      1.08
    8    1.2388    -70.62    0.9268    -77.26    0.8464      0.40
    9    1.2364    -76.37    0.9331    -82.38    0.8541     -0.79
   10    1.2338    -81.94    0.9399    -87.27    0.8639     -1.05
   11    1.2312    -87.33    0.9472    -91.90    0.8745     -1.10
   12    1.2285    -92.54    0.9548    -96.24    0.8858     -1.03
   13    1.2258    -97.59    0.9628   -100.27    0.8978     -0.88
   14    1.2230   -102.46    0.9711   -103.97    0.9104     -0.67
   15    1.2202   -107.16    0.9797   -107.36    0.9237     -0.41
   16    1.2174   -111.69    0.9885   -110.43    0.9372     -0.37
   17    1.2146   -116.06    0.9975   -113.20    0.9512     -0.38
   18    1.2117   -120.27    1.0066   -115.68    0.9659     -0.33
   19    1.2089   -124.31    1.0160   -117.87    0.9815     -0.17
   20    1.2062   -128.19    1.0255   -119.79    0.9975      0.00
   21    1.2034   -131.91    1.0352   -121.42    1.0141      0.00
   22    1.2008   -135.48    1.0450   -122.78    1.0313      0.00
   23    1.1981   -138.89    1.0550   -123.84    1.0489      0.00
   24    1.1956   -142.14    1.0651   -124.61    1.0669      0.00
   25    1.1931   -145.25    1.0754   -125.08    1.0853      0.00
   26    1.1906   -148.19    1.0858   -125.25    1.1040      0.00
   27    1.1883   -150.99    1.0964   -125.12    1.1229      0.00
   28    1.1860   -153.65    1.1071   -124.71    1.1419      0.00
   29    1.1839   -156.16    1.1179   -124.02    1.1609      0.00
   30    1.1818   -158.50    1.1289   -123.09    1.1799      0.00
   31    1.1799   -160.68    1.1399   -121.94    1.1987      0.00
   32    1.1781   -162.71    1.1510   -120.58    1.2172      0.00
   33    1.1764   -164.58    1.1622   -119.03    1.2355      0.00
   34    1.1748   -166.29    1.1734   -117.31    1.2533      0.00
   35    1.1734   -167.84    1.1849   -115.42    1.2708      0.00
   36    1.1721   -169.24    1.1964   -113.36    1.2877      0.00
   37    1.1709   -170.49    1.2082   -111.13    1.3042      0.00
   38    1.1699   -171.58    1.2202   -108.75    1.3201      0.00
   39    1.1690   -172.51    1.2324   -106.20    1.3355      0.00
   40    1.1683   -173.28    1.2449   -103.50    1.3502      0.00
   41    1.1677   -173.88    1.2577   -100.67    1.3644      0.00
   42    1.1673   -174.32    1.2707    -97.71    1.3779      0.00
   43    1.1670   -174.59    1.2839    -94.66    1.3909      0.00
   44    1.1669   -174.69    1.2973    -91.52    1.4032      0.00
   45    1.1670   -174.62    1.3108    -88.33    1.4149      0.00
   46    1.1672   -174.37    1.3245    -85.10    1.4261      0.00
   47    1.1676   -173.95    1.3382    -81.87    1.4368      0.00
   48    1.1682   -173.34    1.3519    -78.66    1.4469      0.00
   49    1.1690   -172.55    1.3656    -75.49    1.4566      0.00
   50    1.1699   -171.57    1.3791    -72.38    1.4658      0.00
   51    1.1710   -170.39    1.3925    -69.35    1.4746      0.00
   52    1.1723   -169.02    1.4056    -66.41    1.4830      0.00
   53    1.1737   -167.45    1.4185    -63.58    1.4911      0.00
   54    1.1754   -165.66    1.4310    -60.86    1.4989      0.00
   55    1.1772   -163.66    1.4432    -58.27    1.5064      0.00
   56    1.1792   -161.44    1.4551    -55.80    1.5136      0.00
   57    1.1814   -158.98    1.4665    -53.47    1.5207      0.00
   58    1.1838   -156.29    1.4776    -51.26    1.5276      0.00
   59    1.1863   -153.35    1.4881    -49.17    1.5343      0.00
   60    1.1890   -150.17    1.4983    -47.20    1.5409      0.00
   61    1.1919   -146.72    1.5080    -45.34    1.5473      0.00
   62    1.1949   -143.01    1.5172    -43.58    1.5537      0.00
   63    1.1980   -139.01    1.5260    -41.92    1.5600      0.00
   64    1.2013   -134.74    1.5343    -40.35    1.5661      0.00
   65    1.2047   -130.17    1.5422    -38.85    1.5723      0.00
   66    1.2082   -125.31    1.5496    -37.41    1.5783      0.00
   67    1.2118   -120.16    1.5566    -36.02    1.5842      0.00
   68    1.2154   -114.71    1.5632    -34.67    1.5901      0.00
   69    1.2191   -108.96    1.5693    -33.35    1.5959      0.00
   70    1.2227   -102.93    1.5750    -32.06    1.6017      0.00
   71    1.2263    -96.63    1.5803    -30.76    1.6073      0.00
   72    1.2298    -90.07    1.5851    -29.47    1.6128      0.00
   73    1.2332    -83.26    1.5896    -28.16    1.6182      0.00
   74    1.2364    -76.25    1.5937    -26.82    1.6234      0.00
   75    1.2394    -69.05    1.5974    -25.46    1.6285      0.00
   76    1.2422    -61.69    1.6007    -24.04    1.6335      0.00
   77    1.2447    -54.23    1.6036    -22.58    1.6382      0.00
   78    1.2469    -46.68    1.6062    -21.06    1.6427      0.00
   79    1.2488    -39.10    1.6084    -19.47    1.6470      0.00
   80    1.2504    -31.52    1.6102    -17.81    1.6510      0.00
   81    1.2516    -23.99    1.6116    -16.08    1.6548      0.00
   82    1.2525    -16.54    1.6127    -14.28    1.6583      0.00
   83    1.2530     -9.17    1.6133    -12.39    1.6614      0.00
   84    1.2532     -1.97    1.6136    -10.41    1.6642      0.00
   85    1.2533      5.02    1.6134     -8.34    1.6666      0.00
   86    1.2533     11.71    1.6128     -6.19    1.6687      0.00
   87    1.2533     18.09    1.6119     -3.94    1.6703      0.00
   88    1.2533     24.16    1.6105     -1.60    1.6715      0.00
   89    1.2533     29.93    1.6087      0.83    1.6722      0.00
   90    1.2533     35.39    1.6064      3.34    1.6725      0.00
   91    1.2533     40.56    1.6038      5.94    1.6723      0.00
   92    1.2533     45.46    1.6007      8.63    1.6715      0.00
   93    1.2533     50.10    1.5971     11.39    1.6703      0.00
   94    1.2533     54.50    1.5932     14.21    1.6685      0.00
   95    1.2533     58.68    1.5888     17.11    1.6661      0.00
   96    1.2533     62.66    1.5841     20.05    1.6632      0.00
   97    1.2533     66.46    1.5789     23.05    1.6597      0.00
   98    1.2533     70.10    1.5733     26.08    1.6557      0.00
   99    1.2533     73.60    1.5674     29.13    1.6510      0.00
  100    1.2533     76.96    1.5611     32.20    1.6458      0.00
  101    1.2533     80.22    1.5545     35.27    1.6399      0.00
  102    1.2533     83.37    1.5475     38.33    1.6335      0.00
  103    1.2533     86.43    1.5403     41.36    1.6264      0.00
  104    1.2533     89.41    1.5327     44.36    1.6188      0.00
  105    1.2533     92.32    1.5249     47.30    1.6106      0.00
  106    1.2533     95.17    1.5169     50.18    1.6019      0.00
  107    1.2533     97.94    1.5087     52.99    1.5925      0.00
  108    1.2533    100.66    1.5003     55.70    1.5827      0.00
  109    1.2533    103.32    1.4917     58.32    1.5724      0.00
  110    1.2533    105.92    1.4830     60.82    1.5615      0.00
  111    1.2533    108.45    1.4741     63.20    1.5502      0.00
  112    1.2533    110.92    1.4652     65.45    1.5385      0.00
  113    1.2533    113.31    1.4561     67.56    1.5264      0.00
  114    1.2533    115.63    1.4470     69.53    1.5139      0.00
  115    1.2533    117.86    1.4378     71.35    1.5010      0.00
  116    1.2533    120.01    1.4285     73.02    1.4878      0.00
  117    1.2533    122.05    1.4192     74.52    1.4744      0.00
  118    1.2533    124.00    1.4098     75.87    1.4608      0.00
  119    1.2533    125.83    1.4004     77.07    1.4470      0.00
  120    1.2533    127.54    1.3909     78.10    1.4332      0.00
  121    1.2533    129.12    1.3814     78.99    1.4193      0.00
  122    1.2533    130.56    1.3719     79.72    1.4053      0.00
  123    1.2533    131.85    1.3623     80.30    1.3914      0.00
  124    1.2533    132.98    1.3526     80.73    1.3775      0.00
  125    1.2533    133.96    1.3430     81.03    1.3637      0.00
  126    1.2533    134.77    1.3333     81.19    1.3501      0.00
  127    1.2533    135.41    1.3236     81.22    1.3366      0.00
  128    1.2533    135.86    1.3139     81.13    1.3232      0.00
  129    1.2533    136.13    1.3041     80.93    1.3101      0.00
  130    1.2533    136.22    1.2944     80.61    1.2973      0.00
  131    1.2533    136.12    1.2847     80.19    1.2846      0.00
  132    1.2533    135.82    1.2749     79.68    1.2723      0.00
  133    1.2533    135.33    1.2652     79.08    1.2602      0.00
  134    1.2533    134.64    1.2556     78.40    1.2484      0.00
  135    1.2533    133.75    1.2459     77.65    1.2369      0.00
  136    1.2533    132.67    1.2364     76.83    1.2257      0.00
  137    1.2533    131.39    1.2269     75.95    1.2148      0.00
  138    1.2533    129.92    1.2175     75.01    1.2042      0.00
  139    1.2533    128.26    1.2081     74.03    1.1939      0.00
  140    1.2533    126.41    1.1990     73.00    1.1839      0.00
  141    1.2533    124.37    1.1899     71.93    1.1742      0.00
  142    1.2533    122.16    1.1809     70.83    1.1647      0.00
  143    1.2533    119.78    1.1722     69.69    1.1555      0.00
  144    1.2533    117.23    1.1636     68.52    1.1466      0.00
  145    1.2533    114.51    1.1551     67.32    1.1379      0.00
  146    1.2533    111.64    1.1469     66.09    1.1295      0.00
  147    1.2533    108.61    1.1389     64.83    1.1213      0.00
  148    1.2533    105.43    1.1311     63.54    1.1133      0.00
  149    1.2533    102.12    1.1236     62.22    1.1055      0.00
  150    1.2533     98.69    1.1163     60.86    1.0980      0.00
  151    1.2533     95.14    1.1092     59.47    1.0906      0.00
  152    1.2533     91.48    1.1025     58.05    1.0835      0.00
  153    1.2533     87.72    1.0960     56.58    1.0765      0.00
  154    1.2533     83.87    1.0898     55.06    1.0697      0.00
  155    1.2533     79.95    1.0839     53.50    1.0631      0.00
  156    1.2533     75.95    1.0783     51.88    1.0567      0.00
  157    1.2533     71.90    1.0730     50.20    1.0504      0.00
  158    1.2533     67.79    1.0681     48.46    1.0444      0.00
  159    1.2533     63.64    1.0635     46.65    1.0385      0.00
  160    1.2533     59.45    1.0592     44.77    1.0328      0.00
  161    1.2533     55.25    1.0552     42.82    1.0273      0.00
  162    1.2533     51.02    1.0516     40.78    1.0219      0.00
  163    1.2533     46.78    1.0484     38.67    1.0168      0.00
  164    1.2533     42.54    1.0455     36.47    1.0119      0.00
  165    1.2533     38.31    1.0429     34.19    1.0072      0.00
  166    1.2533     34.08    1.0407     31.81    1.0028      0.00
  167    1.2533     29.88    1.0388     29.34    0.9986      0.00
  168    1.2533     25.69    1.0373     26.78    0.9946      0.00
  169    1.2533     21.54    1.0361     24.12    0.9910      0.00
  170    1.2533     17.41    1.0352     21.38    0.9876      0.00
  171    1.2533     13.33    1.0347     18.55    0.9846      0.00
  172    1.2533      9.28    1.0345     15.64    0.9819      0.00
  173    1.2533      5.28    1.0346     12.64    0.9795      0.00
  174    1.2533      1.32    1.0349      9.57    0.9774      0.00
  175    1.2532     -2.33    1.0356      6.43    0.9758      0.00
  176    1.2532     -5.86    1.0366      3.23    0.9746      0.00
  177    1.2530     -9.41    1.0378     -0.02    0.9737      0.00
  178    1.2528    -12.96    1.0393     -3.31    0.9733      0.00
  179    1.2525    -16.46    1.0411     -6.63    0.9734      0.00
  180    1.2521    -19.92    1.0431     -9.98    0.9739      0.00
  181    1.2517    -23.31    1.0453    -13.34    0.9749      0.00
  182    1.2512    -26.63    1.0477    -16.70    0.9764      0.00
  183    1.2507    -29.88    1.0503    -20.05    0.9784      0.00
  184    1.2501    -33.05    1.0531    -23.38    0.9809      0.00
  185    1.2495    -36.15    1.0561    -26.68    0.9840      0.00
  186    1.2488    -39.18    1.0593    -29.93    0.9876      0.00
  187    1.2481    -42.13    1.0626    -33.12    0.9917      0.00
  188    1.2474    -45.01    1.0660    -36.24    0.9964      0.00
  189    1.2466    -47.82    1.0697    -39.28    1.0016      0.00
  190    1.2458    -50.55    1.0734    -42.23    1.0074      0.00
  191    1.2450    -53.22    1.0773    -45.07    1.0136      0.00
  192    1.2442    -55.81    1.0812    -47.79    1.0204      0.00
  193    1.2434    -58.34    1.0853    -50.38    1.0277      0.00
  194    1.2425    -60.80    1.0895    -52.84    1.0354      0.00
  195    1.2417    -63.20    1.0938    -55.15    1.0436      0.00
  196    1.2408    -65.53    1.0983    -57.32    1.0522      0.00
  197    1.2399    -67.79    1.1028    -59.33    1.0612      0.00
  198    1.2391    -69.99    1.1074    -61.19    1.0706      0.00
  199    1.2382    -72.13    1.1122    -62.88    1.0803      0.00
  200    1.2373    -74.20    1.1171    -64.40    1.0903      0.00
  201    1.2365    -76.21    1.1222    -65.75    1.1006      0.00
  202    1.2356    -78.16    1.1273    -66.93    1.1110      0.00
  203    1.2347    -80.04    1.1327    -67.94    1.1217      0.00
  204    1.2339    -81.86    1.1382    -68.77    1.1325      0.00
  205    1.2331    -83.61    1.1439    -69.42    1.1433      0.00
  206    1.2322    -85.29    1.1497    -69.91    1.1542      0.00
  207    1.2314    -86.92    1.1557    -70.22    1.1651      0.00
  208    1.2307    -88.47    1.1619    -70.37    1.1760      0.00
  209    1.2299    -89.95    1.1682    -70.35    1.1867      0.00
  210    1.2292    -91.36    1.1748    -70.17    1.1974      0.00
  211    1.2285    -92.69    1.1815    -69.85    1.2080      0.00
  212    1.2278    -93.94    1.1884    -69.37    1.2183      0.00
  213    1.2272    -95.11    1.1954    -68.76    1.2285      0.00
  214    1.2266    -96.21    1.2027    -68.02    1.2385      0.00
  215    1.2260    -97.22    1.2100    -67.16    1.2483      0.00
  216    1.2255    -98.14    1.2175    -66.18    1.2578      0.00
  217    1.2250    -98.98    1.2252    -65.10    1.2671      0.00
  218    1.2246    -99.73    1.2330    -63.93    1.2762      0.00
  219    1.2242   -100.38    1.2408    -62.68    1.2850      0.00
  220    1.2239   -100.93    1.2488    -61.36    1.2935      0.00
  221    1.2236   -101.38    1.2568    -59.98    1.3018      0.00
  222    1.2234   -101.73    1.2648    -58.55    1.3098      0.00
  223    1.2233   -101.96    1.2729    -57.09    1.3176      0.00
  224    1.2232   -102.08    1.2810    -55.59    1.3252      0.00
  225    1.2232   -102.09    1.2890    -54.09    1.3325      0.00
  226    1.2233   -101.97    1.2970    -52.57    1.3397      0.00
  227    1.2234   -101.72    1.3050    -51.06    1.3466      0.00
  228    1.2237   -101.34    1.3128    -49.56    1.3533      0.00
  229    1.2240   -100.82    1.3206    -48.07    1.3598      0.00
  230    1.2243   -100.17    1.3282    -46.61    1.3661      0.00
  231    1.2248    -99.37    1.3357    -45.17    1.3722      0.00
  232    1.2253    -98.42    1.3431    -43.77    1.3782      0.00
  233    1.2259    -97.32    1.3503    -42.40    1.3840      0.00
  234    1.2266    -96.06    1.3573    -41.06    1.3896      0.00
  235    1.2274    -94.64    1.3641    -39.76    1.3952      0.00
  236    1.2283    -93.06    1.3707    -38.50    1.4005      0.00
  237    1.2292    -91.32    1.3772    -37.27    1.4058      0.00
  238    1.2302    -89.40    1.3834    -36.07    1.4109      0.00
  239    1.2312    -87.33    1.3894    -34.91    1.4160      0.00
  240    1.2323    -85.08    1.3952    -33.77    1.4209      0.00
  241    1.2335    -82.68    1.4008    -32.66    1.4257      0.00
  242    1.2347    -80.11    1.4062    -31.58    1.4304      0.00
  243    1.2359    -77.38    1.4113    -30.51    1.4350      0.00
  244    1.2372    -74.50    1.4162    -29.46    1.4395      0.00
  245    1.2385    -71.47    1.4209    -28.42    1.4438      0.00
  246    1.2397    -68.30    1.4254    -27.39    1.4481      0.00
  247    1.2410    -65.00    1.4296    -26.35    1.4523      0.00
  248    1.2423    -61.58    1.4336    -25.32    1.4564      0.00
  249    1.2435    -58.05    1.4373    -24.28    1.4603      0.00
  250    1.2447    -54.41    1.4409    -23.22    1.4641      0.00
  251    1.2458    -50.69    1.4441    -22.15    1.4679      0.00
  252    1.2469    -46.90    1.4472    -21.06    1.4715      0.00
  253    1.2479    -43.05    1.4500    -19.94    1.4749      0.00
  254    1.2488    -39.15    1.4525    -18.80    1.4782      0.00
  255    1.2497    -35.20    1.4548    -17.62    1.4814      0.00
  256    1.2504    -31.24    1.4569    -16.41    1.4844      0.00
  257    1.2511    -27.29    1.4587    -15.16    1.4873      0.00
  258    1.2517    -23.35    1.4602    -13.88    1.4899      0.00
  259    1.2522    -19.43    1.4615    -12.55    1.4924      0.00
  260    1.2525    -15.55    1.4625    -11.18    1.4947      0.00
  261    1.2529    -11.71    1.4632     -9.76    1.4967      0.00
  262    1.2531     -7.92    1.4637     -8.30    1.4986      0.00
  263    1.2532     -4.19    1.4640     -6.80    1.5002      0.00
  264    1.2532     -0.53    1.4640     -5.25    1.5015      0.00
  265    1.2533      3.06    1.4637     -3.65    1.5026      0.00
  266    1.2533      6.56    1.4632     -2.01    1.5034      0.00
  267    1.2533      9.96    1.4624     -0.34    1.5040      0.00
  268    1.2533     13.28    1.4614      1.38    1.5042      0.00
  269    1.2533     16.49    1.4601      3.14    1.5041      0.00
  270    1.2533     19.61    1.4585      4.93    1.5037      0.00
  271    1.2533     22.63    1.4568      6.74    1.5030      0.00
  272    1.2533     25.56    1.4548      8.59    1.5020      0.00
  273    1.2533     28.40    1.4526     10.46    1.5006      0.00
  274    1.2533     31.16    1.4501     12.34    1.4988      0.00
  275    1.2533     33.83    1.4474     14.23    1.4967      0.00
  276    1.2533     36.43    1.4446     16.13    1.4943      0.00
  277    1.2533     38.96    1.4415     18.03    1.4915      0.00
  278    1.2533     41.41    1.4382     19.92    1.4883      0.00
  279    1.2533     43.80    1.4347     21.80    1.4848      0.00
  280    1.2533     46.13    1.4310     23.66    1.4809      0.00
  281    1.2533     48.39    1.4272     25.50    1.4767      0.00
  282    1.2533     50.59    1.4232     27.30    1.4722      0.00
  283    1.2533     52.74    1.4190     29.07    1.4673      0.00
  284    1.2533     54.83    1.4147     30.80    1.4621      0.00
  285    1.2533     56.86    1.4102     32.48    1.4566      0.00
  286    1.2533     58.83    1.4056     34.11    1.4508      0.00
  287    1.2533     60.75    1.4008     35.68    1.4447      0.00
  288    1.2533     62.61    1.3959     37.18    1.4384      0.00
  289    1.2533     64.42    1.3910     38.61    1.4318      0.00
  290    1.2533     66.18    1.3858     39.98    1.4249      0.00
  291    1.2533     67.87    1.3806     41.26    1.4179      0.00
  292    1.2533     69.51    1.3753     42.47    1.4106      0.00
  293    1.2533     71.08    1.3699     43.60    1.4032      0.00
  294    1.2533     72.59    1.3644     44.64    1.3956      0.00
  295    1.2533     74.03    1.3588     45.59    1.3878      0.00
  296    1.2533     75.40    1.3532     46.46    1.3800      0.00
  297    1.2533     76.69    1.3475     47.25    1.3721      0.00
  298    1.2533     77.90    1.3417     47.95    1.3640      0.00
  299    1.2533     79.04    1.3358     48.56    1.3559      0.00
  300    1.2533     80.09    1.3299     49.10    1.3478      0.00
  301    1.2533     81.05    1.3239     49.55    1.3397      0.00
  302    1.2533     81.91    1.3179     49.92    1.3315      0.00
  303    1.2533     82.68    1.3118     50.21    1.3234      0.00
  304    1.2533     83.35    1.3057     50.43    1.3152      0.00
  305    1.2533     83.91    1.2996     50.57    1.3072      0.00
  306    1.2533     84.37    1.2934     50.65    1.2991      0.00
  307    1.2533     84.72    1.2872     50.65    1.2912      0.00
  308    1.2533     84.97    1.2810     50.60    1.2833      0.00
  309    1.2533     85.09    1.2748     50.48    1.2756      0.00
  310    1.2533     85.10    1.2686     50.31    1.2679      0.00
  311    1.2533     85.00    1.2624     50.08    1.2604      0.00
  312    1.2533     84.77    1.2562     49.80    1.2530      0.00
  313    1.2533     84.43    1.2500     49.47    1.2457      0.00
  314    1.2533     83.96    1.2439     49.09    1.2385      0.00
  315    1.2533     83.38    1.2377     48.67    1.2315      0.00
  316    1.2533     82.68    1.2317     48.21    1.2246      0.00
  317    1.2533     81.86    1.2257     47.71    1.2178      0.00
  318    1.2533     80.92    1.2197     47.18    1.2112      0.00
  319    1.2533     79.87    1.2139     46.60    1.2047      0.00
  320    1.2533     78.71    1.2081     46.00    1.1983      0.00
  321    1.2533     77.44    1.2024     45.36    1.1921      0.00
  322    1.2533     76.06    1.1968     44.68    1.1860      0.00
  323    1.2533     74.58    1.1913     43.98    1.1801      0.00
  324    1.2533     73.00    1.1859     43.25    1.1742      0.00
  325    1.2533     71.32    1.1807     42.48    1.1685      0.00
  326    1.2533     69.55    1.1755     41.69    1.1630      0.00
  327    1.2533     67.69    1.1705     40.87    1.1576      0.00
  328    1.2533     65.75    1.1657     40.01    1.1523      0.00
  329    1.2533     63.73    1.1610     39.12    1.1471      0.00
  330    1.2533     61.63    1.1565     38.20    1.1420      0.00
  331    1.2533     59.47    1.1521     37.25    1.1371      0.00
  332    1.2533     57.23    1.1480     36.26    1.1323      0.00
  333    1.2533     54.95    1.1440     35.24    1.1276      0.00
  334    1.2533     52.61    1.1401     34.18    1.1231      0.00
  335    1.2533     50.22    1.1365     33.08    1.1186      0.00
  336    1.2533     47.78    1.1331     31.94    1.1143      0.00
  337    1.2533     45.30    1.1298     30.76    1.1102      0.00
  338    1.2533     42.78    1.1268     29.53    1.1062      0.00
  339    1.2533     40.24    1.1239     28.26    1.1023      0.00
  340    1.2533     37.66    1.1213     26.95    1.0986      0.00
  341    1.2533     35.07    1.1188     25.58    1.0950      0.00
  342    1.2533     32.46    1.1166     24.18    1.0916      0.00
  343    1.2533     29.84    1.1146     22.72    1.0884      0.00
  344    1.2533     27.20    1.1127     21.22    1.0854      0.00
  345    1.2533     24.57    1.1111     19.67    1.0825      0.00
  346    1.2533     21.93    1.1097     18.08    1.0798      0.00
  347    1.2533     19.29    1.1085     16.44    1.0773      0.00
  348    1.2533     16.66    1.1074     14.76    1.0751      0.00
  349    1.2533     14.04    1.1066     13.03    1.0730      0.00
  350    1.2533     11.43    1.1060     11.27    1.0712      0.00
  351    1.2533      8.83    1.1056      9.47    1.0696      0.00
  352    1.2533      6.24    1.1053      7.63    1.0683      0.00
  353    1.2533      3.68    1.1052      5.77    1.0672      0.00
  354    1.2533      1.14    1.1054      3.87    1.0663      0.00
  355    1.2532     -1.29    1.1057      1.95    1.0657      0.00
  356    1.2532     -3.66    1.1062      0.01    1.0654      0.00
  357    1.2531     -6.04    1.1068     -1.94    1.0654      0.00
  358    1.2530     -8.40    1.1076     -3.91    1.0657      0.00
  359    1.2529    -10.75    1.1086     -5.88    1.0662      0.00
  360    1.2528    -13.07    1.1098     -7.86    1.0670      0.00
