  360    0.9462   -21.86    1.1637    -8.29    1.2426     0.00
  361    0.9462   -26.14    1.1598   -10.42    1.2407     0.00
  362    0.9462   -30.14    1.1553   -12.59    1.2384     0.00
  363    0.9462   -33.88    1.1502   -14.79    1.2355     0.00
  364    0.9462   -37.35    1.1444   -17.03    1.2322     0.00
  365    0.9462   -40.57    1.1381   -19.29    1.2284     0.00
  366    0.9462   -43.54    1.1313   -21.58    1.2241     0.00
  367    0.9462   -46.29    1.1240   -23.88    1.2192     0.00
  368    0.9462   -48.82    1.1164   -26.19    1.2139     0.00
  369    0.9462   -51.15    1.1084   -28.48    1.2079     0.00
  370    0.9462   -53.29    1.1002   -30.74    1.2014     0.00
  371    0.9462   -55.25    1.0919   -32.96    1.1943     0.00
  372    0.9462   -57.03    1.0834   -35.11    1.1866     0.00
  373    0.9462   -58.66    1.0749   -37.19    1.1783     0.00
  374    0.9462   -60.14    1.0665   -39.19    1.1694     0.00
  375    0.9462   -61.47    1.0581   -41.09    1.1600     0.00
  376    0.9462   -62.68    1.0498   -42.88    1.1499     0.00
  377    0.9462   -63.75    1.0416   -44.55    1.1393     0.00
  378    0.9462   -64.70    1.0336   -46.11    1.1281     0.00
  379    0.9462   -65.53    1.0257   -47.54    1.1164     0.00
  380    0.9462   -66.25    1.0180   -48.83    1.1042     0.00
  381    0.9462   -66.86    1.0104   -49.99    1.0914     0.00
  382    0.9462   -67.36    1.0030   -51.02    1.0782     0.00
  383    0.9462   -67.75    0.9957   -51.91    1.0646     0.00
  384    0.9462   -68.04    0.9885   -52.65    1.0508     0.00
  385    0.9462   -68.23    0.9815   -53.27    1.0368     0.00
  386    0.9462   -68.31    0.9745   -53.75    1.0225     0.00
  387    0.9462   -68.30    0.9675   -54.09    1.0082     0.00
  388    0.9462   -68.18    0.9606   -54.30    0.9939     0.00
  389    0.9462   -67.96    0.9538   -54.38    0.9796     0.00
  390    0.9462   -67.64    0.9470   -54.33    0.9654     0.00
  391    0.9462   -67.22    0.9402   -54.15    0.9515     0.00
  392    0.9462   -66.70    0.9334   -53.84    0.9378     0.00
  393    0.9462   -66.07    0.9267   -53.41    0.9244     0.00
  394    0.9462   -65.33    0.9200   -52.86    0.9114     0.00
  395    0.9462   -64.49    0.9132   -52.19    0.8987     0.00
  396    0.9462   -63.53    0.9065   -51.39    0.8865     0.00
  397    0.9462   -62.47    0.8999   -50.49    0.8747     0.00
  398    0.9462   -61.29    0.8932   -49.48    0.8634     0.00
  399    0.9462   -59.99    0.8867   -48.36    0.8525     0.00
  400    0.9462   -58.58    0.8802   -47.15    0.8422     0.00
  401    0.9462   -57.05    0.8738   -45.84    0.8323     0.00
  402    0.9462   -55.41    0.8674   -44.45    0.8229     0.00
  403    0.9462   -53.66    0.8612   -42.97    0.8141     0.00
  404    0.9462   -51.80    0.8552   -41.42    0.8057     0.00
  405    0.9462   -49.84    0.8493   -39.80    0.7978     0.00
  406    0.9462   -47.77    0.8437   -38.12    0.7904     0.00
  407    0.9462   -45.59    0.8382   -36.38    0.7834     0.00
  408    0.9462   -43.31    0.8330   -34.58    0.7768     0.00
  409    0.9462   -40.92    0.8280   -32.73    0.7707     0.00
  410    0.9462   -38.43    0.8233   -30.84    0.7650     0.00
  411    0.9462   -35.86    0.8189   -28.90    0.7597     0.00
  412    0.9462   -33.21    0.8149   -26.93    0.7547     0.00
  413    0.9462   -30.48    0.8111   -24.92    0.7502     0.00
  414    0.9462   -27.70    0.8077   -22.87    0.7460     0.00
  415    0.9462   -24.87    0.8047   -20.78    0.7422     0.00
  416    0.9462   -21.99    0.8021   -18.67    0.7388     0.00
  417    0.9462   -19.08    0.7998   -16.53    0.7357     0.00
  418    0.9462   -16.14    0.7979   -14.35    0.7329     0.00
  419    0.9462   -13.19    0.7964   -12.15    0.7305     0.00
  420    0.9462   -10.24    0.7953    -9.92    0.7285     0.00
  421    0.9462    -7.29    0.7946    -7.67    0.7268     0.00
  422    0.9462    -4.34    0.7943    -5.39    0.7255     0.00
  423    0.9462    -1.42    0.7944    -3.10    0.7245     0.00
  424    0.9462     1.47    0.7949    -0.78    0.7239     0.00
  425    0.9461     4.32    0.7958     1.55    0.7237     0.00
  426    0.9460     7.10    0.7970     3.90    0.7238     0.00
  427    0.9457     9.82    0.7986     6.25    0.7244     0.00
  428    0.9454    12.48    0.8005     8.59    0.7253     0.00
  429    0.9450    15.06    0.8028    10.94    0.7267     0.00
  430    0.9445    17.57    0.8053    13.27    0.7285     0.00
  431    0.9440    20.01    0.8081    15.58    0.7307     0.00
  432    0.9435    22.37    0.8112    17.87    0.7334     0.00
  433    0.9429    24.65    0.8145    20.12    0.7366     0.00
  434    0.9423    26.86    0.8180    22.33    0.7403     0.00
  435    0.9416    28.98    0.8217    24.49    0.7445     0.00
  436    0.9409    31.03    0.8256    26.60    0.7493     0.00
  437    0.9402    33.00    0.8295    28.63    0.7546     0.00
  438    0.9395    34.89    0.8336    30.59    0.7604     0.00
  439    0.9388    36.70    0.8378    32.47    0.7669     0.00
  440    0.9381    38.44    0.8419    34.25    0.7739     0.00
  441    0.9374    40.10    0.8462    35.93    0.7815     0.00
  442    0.9367    41.68    0.8504    37.51    0.7897     0.00
  443    0.9360    43.19    0.8547    38.98    0.7985     0.00
  444    0.9353    44.62    0.8590    40.34    0.8078     0.00
  445    0.9346    45.98    0.8633    41.59    0.8176     0.00
  446    0.9339    47.27    0.8676    42.73    0.8279     0.00
  447    0.9333    48.48    0.8720    43.75    0.8387     0.00
  448    0.9327    49.62    0.8764    44.66    0.8498     0.00
  449    0.9321    50.69    0.8809    45.45    0.8614     0.00
  450    0.9315    51.69    0.8855    46.12    0.8732     0.00
  451    0.9310    52.62    0.8902    46.68    0.8853     0.00
  452    0.9305    53.47    0.8949    47.11    0.8976     0.00
  453    0.9301    54.25    0.8998    47.43    0.9100     0.00
  454    0.9296    54.96    0.9048    47.63    0.9224     0.00
  455    0.9293    55.59    0.9100    47.71    0.9347     0.00
  456    0.9289    56.14    0.9153    47.67    0.9470     0.00
  457    0.9286    56.61    0.9208    47.50    0.9590     0.00
  458    0.9284    57.01    0.9265    47.21    0.9708     0.00
  459    0.9282    57.32    0.9324    46.81    0.9823     0.00
  460    0.9280    57.56    0.9386    46.27    0.9935     0.00
  461    0.9280    57.71    0.9449    45.62    1.0044     0.00
  462    0.9279    57.77    0.9515    44.84    1.0149     0.00
  463    0.9279    57.75    0.9582    43.94    1.0250     0.00
  464    0.9280    57.63    0.9652    42.93    1.0347     0.00
  465    0.9281    57.40    0.9724    41.82    1.0440     0.00
  466    0.9283    57.08    0.9798    40.60    1.0528     0.00
  467    0.9286    56.64    0.9873    39.30    1.0613     0.00
  468    0.9290    56.09    0.9949    37.91    1.0693     0.00
  469    0.9294    55.42    1.0027    36.46    1.0770     0.00
  470    0.9298    54.62    1.0104    34.94    1.0842     0.00
  471    0.9304    53.71    1.0182    33.37    1.0911     0.00
  472    0.9310    52.64    1.0259    31.76    1.0976     0.00
  473    0.9317    51.43    1.0335    30.13    1.1038     0.00
  474    0.9325    50.04    1.0410    28.48    1.1097     0.00
  475    0.9333    48.49    1.0482    26.82    1.1152     0.00
  476    0.9342    46.76    1.0552    25.16    1.1203     0.00
  477    0.9352    44.85    1.0618    23.52    1.1252     0.00
  478    0.9362    42.74    1.0681    21.89    1.1298     0.00
  479    0.9372    40.45    1.0740    20.28    1.1340     0.00
  480    0.9383    37.97    1.0795    18.69    1.1379     0.00
  481    0.9394    35.31    1.0845    17.12    1.1416     0.00
  482    0.9404    32.46    1.0891    15.57    1.1450     0.00
  483    0.9415    29.43    1.0932    14.04    1.1480     0.00
  484    0.9424    26.25    1.0969    12.53    1.1508     0.00
  485    0.9433    22.93    1.1000    11.03    1.1534     0.00
  486    0.9441    19.48    1.1026     9.53    1.1556     0.00
  487    0.9448    15.94    1.1047     8.04    1.1576     0.00
  488    0.9454    12.32    1.1063     6.54    1.1593     0.00
  489    0.9458     8.66    1.1074     5.03    1.1607     0.00
  490    0.9461     4.99    1.1079     3.50    1.1618     0.00
  491    0.9462     1.33    1.1079     1.96    1.1626     0.00
  492    0.9462    -2.27    1.1074     0.40    1.1631     0.00
  493    0.9462    -5.78    1.1064    -1.18    1.1634     0.00
  494    0.9462    -9.17    1.1049    -2.80    1.1632     0.00
  495    0.9462   -12.41    1.1029    -4.44    1.1628     0.00
  496    0.9462   -15.51    1.1004    -6.10    1.1620     0.00
  497    0.9462   -18.45    1.0975    -7.80    1.1609     0.00
  498    0.9462   -21.23    1.0941    -9.51    1.1594     0.00
  499    0.9462   -23.85    1.0903   -11.25    1.1575     0.00
  500    0.9462   -26.31    1.0862   -13.01    1.1553     0.00
  501    0.9462   -28.62    1.0817   -14.78    1.1526     0.00
  502    0.9462   -30.78    1.0769   -16.55    1.1495     0.00
  503    0.9462   -32.79    1.0718   -18.32    1.1459     0.00
  504    0.9462   -34.67    1.0665   -20.07    1.1419     0.00
  505    0.9462   -36.42    1.0611   -21.81    1.1375     0.00
  506    0.9462   -38.04    1.0555   -23.52    1.1326     0.00
  507    0.9462   -39.55    1.0498   -25.18    1.1271     0.00
  508    0.9462   -40.94    1.0441   -26.79    1.1212     0.00
  509    0.9462   -42.23    1.0383   -28.34    1.1148     0.00
  510    0.9462   -43.42    1.0326   -29.81    1.1080     0.00
  511    0.9462   -44.51    1.0269   -31.22    1.1006     0.00
  512    0.9462   -45.51    1.0212   -32.54    1.0928     0.00
  513    0.9462   -46.41    1.0156   -33.77    1.0846     0.00
  514    0.9462   -47.24    1.0101   -34.91    1.0760     0.00
  515    0.9462   -47.98    1.0047   -35.96    1.0669     0.00
  516    0.9462   -48.64    0.9993   -36.91    1.0575     0.00
  517    0.9462   -49.22    0.9939   -37.76    1.0478     0.00
  518    0.9462   -49.72    0.9886   -38.50    1.0379     0.00
  519    0.9462   -50.14    0.9834   -39.15    1.0277     0.00
  520    0.9462   -50.49    0.9782   -39.70    1.0173     0.00
  521    0.9462   -50.76    0.9730   -40.14    1.0067     0.00
  522    0.9462   -50.96    0.9679   -40.47    0.9961     0.00
  523    0.9462   -51.08    0.9627   -40.71    0.9855     0.00
  524    0.9462   -51.11    0.9576   -40.84    0.9749     0.00
  525    0.9462   -51.07    0.9524   -40.87    0.9643     0.00
  526    0.9462   -50.95    0.9472   -40.81    0.9539     0.00
  527    0.9462   -50.75    0.9420   -40.64    0.9436     0.00
  528    0.9462   -50.46    0.9368   -40.38    0.9335     0.00
  529    0.9462   -50.08    0.9316   -40.02    0.9237     0.00
  530    0.9462   -49.62    0.9264   -39.57    0.9141     0.00
  531    0.9462   -49.06    0.9212   -39.04    0.9048     0.00
  532    0.9462   -48.41    0.9159   -38.42    0.8957     0.00
  533    0.9462   -47.67    0.9107   -37.71    0.8870     0.00
  534    0.9462   -46.83    0.9055   -36.93    0.8787     0.00
  535    0.9462   -45.89    0.9003   -36.08    0.8707     0.00
  536    0.9462   -44.86    0.8952   -35.15    0.8630     0.00
  537    0.9462   -43.73    0.8901   -34.16    0.8557     0.00
  538    0.9462   -42.50    0.8852   -33.10    0.8487     0.00
  539    0.9462   -41.17    0.8803   -31.99    0.8420     0.00
  540    0.9462   -39.75    0.8755   -30.82    0.8358     0.00
  541    0.9462   -38.23    0.8709   -29.60    0.8298     0.00
  542    0.9462   -36.63    0.8664   -28.34    0.8242     0.00
  543    0.9462   -34.93    0.8621   -27.03    0.8189     0.00
  544    0.9462   -33.16    0.8580   -25.68    0.8140     0.00
  545    0.9462   -31.30    0.8541   -24.30    0.8093     0.00
  546    0.9462   -29.38    0.8504   -22.87    0.8050     0.00
  547    0.9462   -27.38    0.8470   -21.42    0.8009     0.00
  548    0.9462   -25.33    0.8438   -19.94    0.7971     0.00
  549    0.9462   -23.22    0.8409   -18.42    0.7937     0.00
  550    0.9462   -21.06    0.8382   -16.88    0.7905     0.00
  551    0.9462   -18.86    0.8359   -15.31    0.7876     0.00
  552    0.9462   -16.63    0.8339   -13.72    0.7849     0.00
  553    0.9462   -14.37    0.8321   -12.10    0.7826     0.00
  554    0.9462   -12.10    0.8307   -10.46    0.7805     0.00
  555    0.9462    -9.81    0.8296    -8.79    0.7787     0.00
  556    0.9462    -7.51    0.8288    -7.11    0.7771     0.00
  557    0.9462    -5.22    0.8284    -5.40    0.7758     0.00
  558    0.9462    -2.94    0.8282    -3.68    0.7748     0.00
  559    0.9462    -0.66    0.8284    -1.95    0.7741     0.00
  560    0.9462     1.58    0.8288    -0.20    0.7736     0.00
  561    0.9462     3.79    0.8296     1.56    0.7735     0.00
  562    0.9460     5.96    0.8306     3.32    0.7736     0.00
  563    0.9459     8.08    0.8319     5.09    0.7741     0.00
  564    0.9457    10.14    0.8335     6.85    0.7749     0.00
  565    0.9454    12.16    0.8353     8.61    0.7760     0.00
  566    0.9451    14.12    0.8373    10.36    0.7775     0.00
  567    0.9448    16.02    0.8396    12.09    0.7793     0.00
  568    0.9445    17.87    0.8420    13.80    0.7815     0.00
  569    0.9441    19.65    0.8447    15.48    0.7841     0.00
  570    0.9437    21.37    0.8474    17.14    0.7871     0.00
  571    0.9433    23.03    0.8504    18.76    0.7905     0.00
  572    0.9429    24.63    0.8534    20.34    0.7943     0.00
  573    0.9425    26.17    0.8566    21.86    0.7986     0.00
  574    0.9420    27.64    0.8598    23.34    0.8032     0.00
  575    0.9416    29.05    0.8631    24.75    0.8083     0.00
  576    0.9411    30.40    0.8665    26.10    0.8139     0.00
  577    0.9407    31.69    0.8699    27.37    0.8199     0.00
  578    0.9403    32.91    0.8733    28.57    0.8263     0.00
  579    0.9398    34.08    0.8768    29.70    0.8331     0.00
  580    0.9394    35.18    0.8803    30.74    0.8403     0.00
  581    0.9390    36.22    0.8838    31.70    0.8479     0.00
  582    0.9386    37.20    0.8874    32.57    0.8558     0.00
  583    0.9382    38.13    0.8910    33.36    0.8641     0.00
  584    0.9379    38.99    0.8946    34.06    0.8726     0.00
  585    0.9375    39.80    0.8983    34.67    0.8814     0.00
  586    0.9372    40.54    0.9021    35.20    0.8904     0.00
  587    0.9369    41.23    0.9059    35.63    0.8995     0.00
  588    0.9366    41.86    0.9099    35.97    0.9088     0.00
  589    0.9363    42.43    0.9139    36.21    0.9181     0.00
  590    0.9361    42.94    0.9180    36.36    0.9275     0.00
  591    0.9359    43.38    0.9222    36.42    0.9368     0.00
  592    0.9357    43.77    0.9266    36.39    0.9461     0.00
  593    0.9355    44.09    0.9311    36.26    0.9552     0.00
  594    0.9354    44.34    0.9357    36.03    0.9642     0.00
  595    0.9353    44.53    0.9404    35.72    0.9730     0.00
  596    0.9353    44.65    0.9453    35.31    0.9816     0.00
  597    0.9352    44.70    0.9503    34.82    0.9899     0.00
  598    0.9353    44.67    0.9555    34.23    0.9979     0.00
  599    0.9353    44.56    0.9608    33.57    1.0057     0.00
  600    0.9354    44.38    0.9661    32.82    1.0132     0.00
  601    0.9355    44.11    0.9716    32.00    1.0204     0.00
  602    0.9357    43.75    0.9772    31.11    1.0274     0.00
  603    0.9359    43.29    0.9829    30.16    1.0340     0.00
  604    0.9362    42.74    0.9885    29.14    1.0403     0.00
  605    0.9365    42.09    0.9942    28.08    1.0463     0.00
  606    0.9368    41.34    0.9999    26.97    1.0521     0.00
  607    0.9372    40.47    1.0056    25.82    1.0576     0.00
  608    0.9376    39.49    1.0111    24.64    1.0628     0.00
  609    0.9381    38.39    1.0166    23.43    1.0677     0.00
  610    0.9386    37.16    1.0219    22.21    1.0724     0.00
  611    0.9392    35.81    1.0270    20.97    1.0768     0.00
  612    0.9397    34.34    1.0319    19.73    1.0809     0.00
  613    0.9403    32.74    1.0366    18.48    1.0848     0.00
  614    0.9409    31.01    1.0411    17.23    1.0884     0.00
  615    0.9415    29.16    1.0452    15.98    1.0918     0.00
  616    0.9422    27.18    1.0491    14.73    1.0950     0.00
  617    0.9428    25.09    1.0526    13.49    1.0979     0.00
  618    0.9433    22.88    1.0558    12.24    1.1006     0.00
  619    0.9439    20.58    1.0587    11.01    1.1030     0.00
  620    0.9444    18.18    1.0612     9.77    1.1053     0.00
  621    0.9449    15.71    1.0633     8.53    1.1072     0.00
  622    0.9453    13.17    1.0650     7.29    1.1090     0.00
  623    0.9456    10.58    1.0664     6.04    1.1105     0.00
  624    0.9459     7.96    1.0674     4.79    1.1118     0.00
  625    0.9461     5.32    1.0680     3.53    1.1128     0.00
  626    0.9462     2.68    1.0683     2.25    1.1136     0.00
  627    0.9462     0.05    1.0681     0.97    1.1141     0.00
  628    0.9462    -2.54    1.0676    -0.33    1.1144     0.00
  629    0.9462    -5.06    1.0667    -1.64    1.1144     0.00
  630    0.9462    -7.51    1.0655    -2.97    1.1141     0.00
  631    0.9462    -9.88    1.0639    -4.31    1.1135     0.00
  632    0.9462   -12.16    1.0620    -5.66    1.1127     0.00
  633    0.9462   -14.34    1.0598    -7.02    1.1116     0.00
  634    0.9462   -16.42    1.0573    -8.40    1.1101     0.00
  635    0.9462   -18.41    1.0545    -9.78    1.1083     0.00
  636    0.9462   -20.29    1.0515   -11.16    1.1062     0.00
  637    0.9462   -22.07    1.0482   -12.54    1.1038     0.00
  638    0.9462   -23.75    1.0447   -13.91    1.1010     0.00
  639    0.9462   -25.33    1.0410   -15.27    1.0979     0.00
  640    0.9462   -26.82    1.0371   -16.62    1.0944     0.00
  641    0.9462   -28.22    1.0331   -17.94    1.0906     0.00
  642    0.9462   -29.52    1.0290   -19.23    1.0864     0.00
  643    0.9462   -30.74    1.0249   -20.48    1.0819     0.00
  644    0.9462   -31.88    1.0206   -21.69    1.0770     0.00
  645    0.9462   -32.93    1.0164   -22.84    1.0717     0.00
  646    0.9462   -33.91    1.0121   -23.94    1.0661     0.00
  647    0.9462   -34.81    1.0078   -24.99    1.0602     0.00
  648    0.9462   -35.64    1.0035   -25.97    1.0539     0.00
  649    0.9462   -36.39    0.9993   -26.88    1.0474     0.00
  650    0.9462   -37.08    0.9950   -27.72    1.0405     0.00
  651    0.9462   -37.70    0.9908   -28.49    1.0334     0.00
  652    0.9462   -38.25    0.9865   -29.18    1.0261     0.00
  653    0.9462   -38.73    0.9823   -29.80    1.0185     0.00
  654    0.9462   -39.15    0.9781   -30.34    1.0108     0.00
  655    0.9462   -39.51    0.9739   -30.80    1.0029     0.00
  656    0.9462   -39.80    0.9698   -31.19    0.9949     0.00
  657    0.9462   -40.02    0.9656   -31.49    0.9869     0.00
  658    0.9462   -40.18    0.9614   -31.72    0.9787     0.00
  659    0.9462   -40.27    0.9572   -31.86    0.9706     0.00
  660    0.9462   -40.30    0.9531   -31.93    0.9625     0.00
  661    0.9462   -40.25    0.9489   -31.93    0.9544     0.00
  662    0.9462   -40.14    0.9447   -31.84    0.9464     0.00
  663    0.9462   -39.96    0.9405   -31.68    0.9385     0.00
  664    0.9462   -39.70    0.9363   -31.45    0.9308     0.00
  665    0.9462   -39.38    0.9321   -31.15    0.9233     0.00
  666    0.9462   -38.98    0.9279   -30.78    0.9159     0.00
  667    0.9462   -38.50    0.9237   -30.33    0.9087     0.00
  668    0.9462   -37.95    0.9195   -29.83    0.9018     0.00
  669    0.9462   -37.33    0.9153   -29.26    0.8951     0.00
  670    0.9462   -36.62    0.9112   -28.63    0.8886     0.00
  671    0.9462   -35.84    0.9071   -27.94    0.8824     0.00
  672    0.9462   -34.99    0.9030   -27.20    0.8764     0.00
  673    0.9462   -34.05    0.8991   -26.41    0.8707     0.00
  674    0.9462   -33.04    0.8951   -25.56    0.8653     0.00
  675    0.9462   -31.96    0.8913   -24.67    0.8601     0.00
  676    0.9462   -30.80    0.8876   -23.74    0.8552     0.00
  677    0.9462   -29.57    0.8840   -22.77    0.8505     0.00
  678    0.9462   -28.27    0.8806   -21.75    0.8461     0.00
  679    0.9462   -26.91    0.8773   -20.71    0.8419     0.00
  680    0.9462   -25.49    0.8741   -19.63    0.8380     0.00
  681    0.9462   -24.00    0.8711   -18.52    0.8343     0.00
  682    0.9462   -22.46    0.8683   -17.38    0.8309     0.00
  683    0.9462   -20.87    0.8657   -16.21    0.8277     0.00
  684    0.9462   -19.24    0.8634   -15.02    0.8248     0.00
  685    0.9462   -17.56    0.8612   -13.80    0.8220     0.00
  686    0.9462   -15.84    0.8592   -12.56    0.8195     0.00
  687    0.9462   -14.10    0.8575   -11.30    0.8173     0.00
  688    0.9462   -12.33    0.8560   -10.02    0.8152     0.00
  689    0.9462   -10.54    0.8548    -8.73    0.8134     0.00
  690    0.9462    -8.73    0.8538    -7.41    0.8119     0.00
  691    0.9462    -6.92    0.8530    -6.09    0.8105     0.00
  692    0.9462    -5.10    0.8525    -4.74    0.8094     0.00
  693    0.9462    -3.28    0.8522    -3.39    0.8085     0.00
  694    0.9462    -1.47    0.8522    -2.02    0.8079     0.00
  695    0.9462     0.33    0.8524    -0.65    0.8075     0.00
  696    0.9462     2.11    0.8528     0.73    0.8073     0.00
  697    0.9462     3.86    0.8535     2.11    0.8074     0.00
  698    0.9461     5.58    0.8543     3.49    0.8078     0.00
  699    0.9459     7.26    0.8554     4.88    0.8084     0.00
  700    0.9458     8.91    0.8567     6.25    0.8093     0.00
  701    0.9456    10.52    0.8582     7.62    0.8105     0.00
  702    0.9454    12.08    0.8598     8.98    0.8119     0.00
  703    0.9452    13.60    0.8617    10.33    0.8137     0.00
  704    0.9450    15.08    0.8636    11.65    0.8158     0.00
  705    0.9447    16.50    0.8657    12.95    0.8181     0.00
  706    0.9445    17.88    0.8680    14.23    0.8208     0.00
  707    0.9442    19.21    0.8704    15.48    0.8238     0.00
  708    0.9439    20.49    0.8728    16.69    0.8272     0.00
  709    0.9436    21.72    0.8754    17.87    0.8308     0.00
  710    0.9433    22.90    0.8781    19.00    0.8348     0.00
  711    0.9431    24.03    0.8808    20.08    0.8391     0.00
  712    0.9428    25.11    0.8835    21.11    0.8437     0.00
  713    0.9425    26.14    0.8864    22.08    0.8487     0.00
  714    0.9422    27.11    0.8892    22.99    0.8539     0.00
  715    0.9419    28.04    0.8922    23.85    0.8594     0.00
  716    0.9416    28.91    0.8951    24.64    0.8652     0.00
  717    0.9414    29.74    0.8981    25.37    0.8713     0.00
  718    0.9411    30.51    0.9011    26.03    0.8776     0.00
  719    0.9409    31.23    0.9042    26.62    0.8843    -0.09
  720    0.9406    31.91    0.9074    27.14    0.8913    -0.17
    1    0.9404    32.53    0.9106    27.59    0.8984    -0.26
    2    0.9402    33.10    0.9138    27.97    0.9057    -0.33
    3    0.9400    33.61    0.9171    28.28    0.9128    -0.31
    4    0.9398    34.08    0.9205    28.52    0.9169     0.00
    5    0.9397    34.49    0.9239    28.69    0.9236     0.85
    6    0.9395    34.85    0.9274    28.78    0.9290     1.55
    7    0.9394    35.16    0.9310    28.80    0.9337     2.33
    8    0.9393    35.41    0.9347    28.75    0.9376     3.29
    9    0.9393    35.60    0.9385    28.62    0.9410     4.34
   10    0.9392    35.73    0.9423    28.43    0.9438     5.53
   11    0.9392    35.81    0.9462    28.16    0.9448     7.24
   12    0.9392    35.82    0.9502    27.83    0.9453     8.98
   13    0.9392    35.77    0.9543    27.42    0.9441    11.16
   14    0.9392    35.65    0.9585    26.95    0.9423    13.39
   15    0.9393    35.47    0.9628    26.41    0.9392    15.90
   16    0.9394    35.21    0.9671    25.81    0.9351    18.61
   17    0.9395    34.88    0.9714    25.16    0.9306    21.31
   18    0.9397    34.48    0.9757    24.49    0.9250    24.25
   19    0.9399    34.00    0.9797    23.82    0.9196    27.02
   20    0.9401    33.44    0.9835    23.18    0.9131    30.02
   21    0.9403    32.79    0.9870    22.58    0.9061    33.14
   22    0.9406    32.06    0.9900    22.04    0.8985    36.35
   23    0.9409    31.25    0.9924    21.58    0.8906    39.58
   24    0.9412    30.34    0.9943    21.22    0.8828    42.71
   25    0.9415    29.35    0.9956    20.97    0.8747    45.86
   26    0.9418    28.26    0.9961    20.85    0.8668    48.88
   27    0.9422    27.08    0.9958    20.87    0.8586    52.00
   28    0.9426    25.80    0.9947    21.04    0.8504    55.05
   29    0.9429    24.44    0.9927    21.36    0.8422    58.08
   30    0.9433    23.01    0.9900    21.84    0.8340    61.10
   31    0.9437    21.51    0.9863    22.46    0.8261    63.95
   32    0.9440    19.97    0.9819    23.23    0.8191    66.48
   33    0.9444    18.42    0.9767    24.12    0.8121    69.01
   34    0.9447    16.89    0.9709    25.12    0.8041    71.81
   35    0.9449    15.41    0.9644    26.22    0.7958    74.70
   36    0.9452    14.02    0.9574    27.40    0.7874    77.59
   37    0.9453    12.77    0.9498    28.65    0.7788    80.48
   38    0.9455    11.70    0.9418    29.96    0.7702    83.37
   39    0.9456    10.83    0.9333    31.30    0.7617    86.19
   40    0.9457    10.20    0.9246    32.68    0.7531    89.02
   41    0.9457     9.83    0.9155    34.08    0.7444    91.85
   42    0.9457     9.76    0.9061    35.48    0.7354    94.75
   43    0.9457     9.98    0.8966    36.89    0.7292    96.66
   44    0.9456    10.51    0.8868    38.34    0.7235    98.36
   45    0.9455    11.34    0.8768    39.79    0.7180    99.98
   46    0.9454    12.46    0.8669    41.25    0.7126   101.49
   47    0.9452    13.86    0.8570    42.69    0.7073   102.90
   48    0.9449    15.51    0.8473    44.14    0.7023   104.17
   49    0.9446    17.40    0.8378    45.61    0.6974   105.33
   50    0.9441    19.49    0.8285    47.10    0.6927   106.36
   51    0.9436    21.77    0.8195    48.63    0.6881   107.27
   52    0.9430    24.20    0.8109    50.23    0.6830   108.32
   53    0.9423    26.78    0.8027    51.91    0.6772   109.52
   54    0.9414    29.46    0.7949    53.69    0.6714   110.64
   55    0.9405    32.25    0.7876    55.59    0.6662   111.53
   56    0.9394    35.11    0.7808    57.60    0.6610   112.31
   57    0.9383    38.03    0.7745    59.75    0.6558   113.04
   58    0.9370    41.00    0.7687    62.04    0.6505   113.73
   59    0.9356    44.00    0.7635    64.48    0.6453   114.35
   60    0.9341    47.02    0.7588    67.02    0.6404   114.86
   61    0.9325    50.04    0.7546    69.69    0.6355   115.30
   62    0.9308    53.06    0.7510    72.46    0.6305   115.82
   63    0.9290    56.06    0.7479    75.30    0.6244   116.75
   64    0.9271    59.03    0.7453    78.20    0.6177   118.00
   65    0.9252    61.97    0.7432    81.14    0.6114   119.15
   66    0.9232    64.86    0.7415    84.10    0.6056   120.29
   67    0.9211    67.73    0.7402    87.06    0.6000   121.44
   68    0.9190    70.55    0.7393    90.01    0.5949   122.64
   69    0.9168    73.33    0.7386    92.93    0.5903   123.82
   70    0.9146    76.08    0.7382    95.82    0.5862   125.07
   71    0.9124    78.78    0.7380    98.67    0.5825   126.40
   72    0.9101    81.44    0.7379   101.47    0.5792   127.85
   73    0.9077    84.06    0.7380   104.21    0.5779   128.80
   74    0.9054    86.64    0.7382   106.89    0.5786   129.29
   75    0.9030    89.18    0.7384   109.51    0.5796   129.92
   76    0.9006    91.68    0.7387   112.06    0.5811   130.67
   77    0.8982    94.13    0.7390   114.55    0.5830   131.54
   78    0.8957    96.53    0.7392   116.97    0.5849   132.70
   79    0.8933    98.89    0.7395   119.33    0.5872   133.93
   80    0.8908   101.20    0.7398   121.63    0.5898   135.23
   81    0.8884   103.46    0.7400   123.86    0.5928   136.59
   82    0.8859   105.66    0.7402   126.05    0.5961   137.97
   83    0.8835   107.82    0.7404   128.18    0.5997   139.35
   84    0.8811   109.92    0.7405   130.27    0.6035   140.70
   85    0.8787   111.96    0.7406   132.31    0.6075   142.03
   86    0.8764   113.95    0.7406   134.31    0.6118   143.30
   87    0.8740   115.88    0.7405   136.27    0.6161   144.53
   88    0.8718   117.76    0.7403   138.19    0.6207   145.66
   89    0.8695   119.59    0.7401   140.07    0.6253   146.74
   90    0.8673   121.37    0.7399   141.92    0.6300   147.73
   91    0.8651   123.09    0.7396   143.72    0.6347   148.65
   92    0.8629   124.76    0.7392   145.48    0.6395   149.49
   93    0.8608   126.38    0.7388   147.19    0.6443   150.24
   94    0.8588   127.96    0.7384   148.86    0.6492   150.91
   95    0.8567   129.49    0.7379   150.48    0.6541   151.51
   96    0.8547   130.98    0.7374   152.05    0.6590   152.05
   97    0.8528   132.42    0.7370   153.56    0.6639   152.51
   98    0.8509   133.83    0.7365   155.02    0.6688   152.91
   99    0.8490   135.20    0.7361   156.42    0.6737   153.25
  100    0.8471   136.53    0.7357   157.76    0.6787   153.51
  101    0.8453   137.83    0.7353   159.04    0.6837   153.71
  102    0.8435   139.10    0.7350   160.26    0.6888   153.83
  103    0.8418   140.34    0.7347   161.41    0.6938   153.91
  104    0.8400   141.55    0.7345   162.51    0.6989   153.94
  105    0.8383   142.73    0.7344   163.55    0.7039   153.91
  106    0.8366   143.89    0.7343   164.52    0.7089   153.85
  107    0.8350   145.02    0.7343   165.44    0.7139   153.73
  108    0.8333   146.14    0.7343   166.30    0.7188   153.56
  109    0.8317   147.23    0.7345   167.10    0.7238   153.34
  110    0.8301   148.30    0.7347   167.85    0.7288   153.08
  111    0.8285   149.35    0.7350   168.54    0.7338   152.77
  112    0.8270   150.39    0.7354   169.18    0.7388   152.41
  113    0.8254   151.40    0.7359   169.77    0.7438   152.03
  114    0.8239   152.40    0.7364   170.31    0.7488   151.60
  115    0.8224   153.38    0.7371   170.79    0.7537   151.15
  116    0.8209   154.35    0.7378   171.23    0.7586   150.67
  117    0.8195   155.29    0.7386   171.61    0.7635   150.16
  118    0.8180   156.22    0.7396   171.95    0.7683   149.62
  119    0.8166   157.13    0.7406   172.25    0.7732   149.05
  120    0.8152   158.02    0.7417   172.49    0.7780   148.47
  121    0.8139   158.88    0.7429   172.70    0.7829   147.85
  122    0.8125   159.73    0.7442   172.85    0.7877   147.22
  123    0.8112   160.56    0.7456   172.96    0.7925   146.57
  124    0.8099   161.37    0.7471   173.03    0.7973   145.91
  125    0.8087   162.15    0.7488   173.05    0.8021   145.25
  126    0.8075   162.91    0.7505   173.02    0.8068   144.57
  127    0.8063   163.64    0.7523   172.95    0.8115   143.88
  128    0.8051   164.35    0.7542   172.84    0.8162   143.19
  129    0.8040   165.04    0.7563   172.68    0.8208   142.49
  130    0.8029   165.70    0.7584   172.48    0.8255   141.77
  131    0.8019   166.33    0.7606   172.23    0.8302   141.04
  132    0.8009   166.93    0.7630   171.94    0.8348   140.31
  133    0.8000   167.50    0.7654   171.61    0.8395   139.58
  134    0.7991   168.05    0.7680   171.23    0.8440   138.85
  135    0.7982   168.56    0.7707   170.81    0.8486   138.12
  136    0.7974   169.04    0.7734   170.34    0.8532   137.39
  137    0.7967   169.49    0.7763   169.83    0.8577   136.65
  138    0.7960   169.91    0.7793   169.28    0.8622   135.92
  139    0.7954   170.30    0.7823   168.69    0.8667   135.18
  140    0.7948   170.66    0.7855   168.06    0.8712   134.45
  141    0.7942   170.98    0.7887   167.39    0.8756   133.72
  142    0.7938   171.26    0.7920   166.68    0.8796   133.08
  143    0.7933   171.51    0.7955   165.94    0.8835   132.51
  144    0.7930   171.73    0.7990   165.16    0.8873   131.93
  145    0.7927   171.91    0.8025   164.34    0.8910   131.34
  146    0.7924   172.05    0.8062   163.49    0.8956   130.53
  147    0.7923   172.15    0.8099   162.61    0.9036   128.78
  148    0.7922   172.21    0.8137   161.71    0.9116   127.04
  149    0.7921   172.23    0.8175   160.77    0.9195   125.32
  150    0.7922   172.22    0.8214   159.80    0.9274   123.60
  151    0.7923   172.16    0.8253   158.82    0.9356   121.79
  152    0.7924   172.05    0.8293   157.81    0.9442   119.92
  153    0.7927   171.91    0.8333   156.77    0.9528   118.03
  154    0.7930   171.71    0.8373   155.72    0.9617   116.06
  155    0.7934   171.47    0.8414   154.65    0.9706   114.10
  156    0.7939   171.19    0.8454   153.57    0.9791   112.24
  157    0.7944   170.85    0.8495   152.47    0.9861   110.77
  158    0.7951   170.47    0.8536   151.35    0.9933   109.25
  159    0.7958   170.03    0.8576   150.23    1.0006   107.69
  160    0.7966   169.54    0.8617   149.09    1.0080   106.12
  161    0.7975   169.00    0.8657   147.95    1.0155   104.51
  162    0.7985   168.40    0.8697   146.80    1.0230   102.89
  163    0.7996   167.75    0.8737   145.64    1.0307   101.23
  164    0.8007   167.04    0.8776   144.46    1.0384    99.56
  165    0.8020   166.27    0.8816   143.27    1.0464    97.83
  166    0.8034   165.44    0.8856   142.06    1.0545    96.06
  167    0.8048   164.56    0.8896   140.81    1.0613    94.62
  168    0.8063   163.61    0.8937   139.53    1.0677    93.24
  169    0.8079   162.61    0.8979   138.20    1.0743    91.82
  170    0.8096   161.55    0.9023   136.80    1.0811    90.32
  171    0.8114   160.43    0.9069   135.34    1.0882    88.77
  172    0.8133   159.25    0.9116   133.80    1.0953    87.21
  173    0.8152   158.02    0.9166   132.18    1.1024    85.63
  174    0.8172   156.73    0.9219   130.46    1.1098    83.99
  175    0.8193   155.39    0.9273   128.67    1.1179    82.18
  176    0.8215   154.00    0.9331   126.77    1.1271    80.09
  177    0.8237   152.55    0.9393   124.76    1.1388    77.46
  178    0.8260   151.06    0.9457   122.66    1.1506    74.81
  179    0.8283   149.53    0.9524   120.47    1.1625    72.14
  180    0.8306   147.96    0.9593   118.19    1.1746    69.45
  181    0.8330   146.34    0.9664   115.86    1.1868    66.73
  182    0.8355   144.69    0.9736   113.46    1.1993    63.94
  183    0.8379   143.00    0.9810   111.02    1.2122    61.08
  184    0.8404   141.27    0.9884   108.55    1.2255    58.12
  185    0.8429   139.51    0.9959   106.05    1.2395    55.05
  186    0.8455   137.71    1.0033   103.54    1.2536    51.94
  187    0.8481   135.86    1.0107   101.02    1.2679    48.82
  188    0.8507   133.96    1.0180    98.51    1.2821    45.70
  189    0.8533   132.01    1.0253    95.99    1.2959    42.69
  190    0.8561   130.00    1.0325    93.46    1.3098    39.65
  191    0.8588   127.90    1.0397    90.94    1.3238    36.58
  192    0.8617   125.73    1.0468    88.41    1.3380    33.49
  193    0.8646   123.45    1.0539    85.86    1.3514    30.56
  194    0.8676   121.08    1.0612    83.26    1.3641    27.75
  195    0.8708   118.58    1.0688    80.58    1.3762    25.06
  196    0.8740   115.96    1.0767    77.79    1.3862    22.75
  197    0.8773   113.19    1.0851    74.89    1.3962    20.42
  198    0.8807   110.29    1.0939    71.87    1.4055    18.21
  199    0.8842   107.24    1.1032    68.72    1.4145    16.06
  200    0.8878   104.01    1.1133    65.38    1.4226    14.03
  201    0.8915   100.61    1.1241    61.85    1.4296    12.20
  202    0.8952    97.03    1.1356    58.13    1.4364    10.41
  203    0.8990    93.30    1.1478    54.24    1.4403     9.10
  204    0.9028    89.41    1.1606    50.20    1.4441     7.80
  205    0.9065    85.38    1.1738    46.02    1.4459     6.84
  206    0.9103    81.21    1.1874    41.73    1.4470     5.99
  207    0.9140    76.89    1.2012    37.34    1.4473     5.25
  208    0.9175    72.44    1.2152    32.89    1.4466     4.68
  209    0.9210    67.87    1.2290    28.41    1.4456     4.13
  210    0.9244    63.18    1.2424    23.95    1.4437     3.74
  211    0.9276    58.34    1.2548    19.61    1.4416     3.35
  212    0.9306    53.33    1.2661    15.42    1.4389     3.04
  213    0.9335    48.12    1.2763    11.38    1.4360     2.75
  214    0.9362    42.65    1.2852     7.50    1.4329     2.46
  215    0.9388    36.85    1.2927     3.77    1.4297     2.17
  216    0.9411    30.65    1.2989     0.22    1.4262     1.89
  217    0.9431    23.98    1.3036    -3.15    1.4226     1.62
  218    0.9447    16.79    1.3069    -6.33    1.4187     1.35
  219    0.9458     9.03    1.3086    -9.33    1.4141     1.16
  220    0.9462     0.66    1.3089   -12.14    1.4092     1.00
  221    0.9462    -8.19    1.3077   -14.76    1.4040     0.83
  222    0.9462   -17.29    1.3050   -17.22    1.3985     0.66
  223    0.9462   -26.46    1.3011   -19.53    1.3927     0.50
  224    0.9462   -35.59    1.2960   -21.73    1.3866     0.34
  225    0.9462   -44.37    1.2898   -23.84    1.3800     0.20
  226    0.9462   -52.73    1.2825   -25.89    1.3727     0.14
  227    0.9462   -60.50    1.2743   -27.92    1.3647     0.13
  228    0.9462   -67.58    1.2651   -29.96    1.3564     0.11
  229    0.9462   -73.94    1.2552   -32.03    1.3478     0.05
  230    0.9462   -79.55    1.2444   -34.17    1.3389     0.00
  231    0.9462   -84.43    1.2328   -36.39    1.3292     0.00
  232    0.9462   -88.58    1.2204   -38.69    1.3192     0.00
  233    0.9462   -92.04    1.2072   -41.12    1.3087     0.00
  234    0.9462   -94.88    1.1931   -43.66    1.2979     0.00
  235    0.9462   -97.16    1.1785   -46.25    1.2866     0.00
  236    0.9462   -98.93    1.1635   -48.89    1.2750     0.00
  237    0.9462   -100.24    1.1481   -51.55    1.2630     0.00
  238    0.9462   -101.19    1.1326   -54.20    1.2507     0.00
  239    0.9462   -101.82    1.1169   -56.81    1.2380     0.00
  240    0.9462   -102.20    1.1012   -59.37    1.2249     0.00
  241    0.9462   -102.37    1.0856   -61.83    1.2114     0.00
  242    0.9462   -102.36    1.0702   -64.17    1.1974     0.00
  243    0.9462   -102.21    1.0551   -66.37    1.1830     0.00
  244    0.9462   -101.94    1.0403   -68.42    1.1680     0.00
  245    0.9462   -101.55    1.0259   -70.31    1.1526     0.00
  246    0.9462   -101.07    1.0120   -72.01    1.1366     0.00
  247    0.9462   -100.49    0.9986   -73.52    1.1201     0.00
  248    0.9462   -99.82    0.9856   -74.83    1.1030     0.00
  249    0.9462   -99.05    0.9732   -75.94    1.0853     0.00
  250    0.9462   -98.19    0.9614   -76.84    1.0672     0.00
  251    0.9462   -97.23    0.9501   -77.53    1.0487     0.00
  252    0.9462   -96.17    0.9393   -78.01    1.0301     0.00
  253    0.9462   -95.01    0.9290   -78.29    1.0111     0.00
  254    0.9462   -93.74    0.9193   -78.37    0.9919     0.00
  255    0.9462   -92.36    0.9100   -78.23    0.9727     0.00
  256    0.9462   -90.88    0.9012   -77.89    0.9534     0.00
  257    0.9462   -89.30    0.8928   -77.35    0.9342     0.00
  258    0.9462   -87.63    0.8847   -76.63    0.9152     0.00
  259    0.9462   -85.85    0.8770   -75.71    0.8965     0.00
  260    0.9462   -83.98    0.8696   -74.62    0.8782     0.00
  261    0.9462   -82.02    0.8623   -73.35    0.8603     0.00
  262    0.9462   -79.98    0.8553   -71.91    0.8429     0.00
  263    0.9462   -77.85    0.8485   -70.30    0.8261     0.00
  264    0.9462   -75.64    0.8418   -68.54    0.8098     0.00
  265    0.9462   -73.35    0.8352   -66.62    0.7943     0.00
  266    0.9462   -70.98    0.8288   -64.56    0.7794     0.00
  267    0.9462   -68.53    0.8226   -62.37    0.7652     0.00
  268    0.9462   -65.99    0.8165   -60.05    0.7518     0.00
  269    0.9462   -63.38    0.8105   -57.62    0.7391     0.00
  270    0.9462   -60.67    0.8046   -55.08    0.7271     0.00
  271    0.9462   -57.88    0.7989   -52.42    0.7159     0.00
  272    0.9462   -55.00    0.7934   -49.65    0.7055     0.00
  273    0.9462   -52.03    0.7881   -46.80    0.6958     0.00
  274    0.9462   -48.98    0.7830   -43.85    0.6870     0.00
  275    0.9462   -45.85    0.7781   -40.84    0.6789     0.00
  276    0.9462   -42.62    0.7735   -37.75    0.6716     0.00
  277    0.9462   -39.30    0.7692   -34.60    0.6652     0.00
  278    0.9462   -35.91    0.7651   -31.41    0.6595     0.00
  279    0.9462   -32.44    0.7614   -28.17    0.6545     0.00
  280    0.9462   -28.90    0.7580   -24.89    0.6503     0.00
  281    0.9462   -25.29    0.7550   -21.58    0.6467     0.00
  282    0.9462   -21.63    0.7523   -18.26    0.6438     0.00
  283    0.9462   -17.91    0.7499   -14.91    0.6416     0.00
  284    0.9462   -14.15    0.7480   -11.55    0.6400     0.00
  285    0.9462   -10.35    0.7464    -8.19    0.6390     0.00
  286    0.9462    -6.53    0.7453    -4.82    0.6386     0.00
  287    0.9462    -2.69    0.7446    -1.46    0.6387     0.00
  288    0.9462     1.14    0.7442     1.90    0.6395     0.00
  289    0.9461     4.94    0.7444     5.25    0.6407     0.00
  290    0.9458     8.69    0.7449     8.59    0.6425     0.00
  291    0.9454    12.38    0.7459    11.91    0.6449     0.00
  292    0.9448    16.00    0.7474    15.20    0.6478     0.00
  293    0.9441    19.55    0.7493    18.46    0.6513     0.00
  294    0.9433    23.02    0.7517    21.68    0.6552     0.00
  295    0.9424    26.40    0.7545    24.86    0.6598     0.00
  296    0.9414    29.70    0.7577    27.99    0.6648     0.00
  297    0.9403    32.91    0.7614    31.06    0.6704     0.00
  298    0.9391    36.03    0.7654    34.06    0.6766     0.00
  299    0.9378    39.05    0.7699    36.99    0.6833     0.00
  300    0.9365    41.98    0.7747    39.82    0.6906     0.00
  301    0.9352    44.80    0.7798    42.56    0.6985     0.00
  302    0.9338    47.53    0.7851    45.17    0.7068     0.00
  303    0.9324    50.16    0.7907    47.66    0.7158     0.00
  304    0.9310    52.68    0.7965    50.00    0.7254     0.00
  305    0.9296    55.10    0.8024    52.19    0.7356     0.00
  306    0.9281    57.41    0.8084    54.22    0.7463     0.00
  307    0.9267    59.61    0.8145    56.09    0.7577     0.00
  308    0.9254    61.70    0.8207    57.80    0.7698     0.00
  309    0.9240    63.68    0.8269    59.32    0.7824     0.00
  310    0.9227    65.56    0.8332    60.69    0.7956     0.00
  311    0.9214    67.32    0.8396    61.88    0.8095     0.00
  312    0.9202    68.98    0.8461    62.92    0.8240     0.00
  313    0.9190    70.53    0.8527    63.80    0.8390     0.00
  314    0.9179    71.96    0.8594    64.52    0.8546     0.00
  315    0.9169    73.29    0.8662    65.09    0.8706     0.00
  316    0.9159    74.50    0.8731    65.49    0.8869     0.00
  317    0.9150    75.60    0.8802    65.74    0.9035     0.00
  318    0.9142    76.59    0.8874    65.84    0.9203     0.00
  319    0.9135    77.46    0.8948    65.79    0.9370     0.00
  320    0.9128    78.21    0.9023    65.59    0.9537     0.00
  321    0.9123    78.85    0.9101    65.24    0.9702     0.00
  322    0.9119    79.37    0.9180    64.73    0.9865     0.00
  323    0.9115    79.78    0.9262    64.08    1.0023     0.00
  324    0.9113    80.06    0.9346    63.26    1.0178     0.00
  325    0.9111    80.22    0.9432    62.30    1.0327     0.00
  326    0.9111    80.25    0.9521    61.18    1.0471     0.00
  327    0.9112    80.16    0.9613    59.92    1.0610     0.00
  328    0.9114    79.94    0.9706    58.54    1.0742     0.00
  329    0.9117    79.58    0.9802    57.01    1.0870     0.00
  330    0.9121    79.08    0.9901    55.33    1.0991     0.00
  331    0.9127    78.44    1.0002    53.53    1.1108     0.00
  332    0.9133    77.65    1.0105    51.61    1.1219     0.00
  333    0.9141    76.71    1.0210    49.58    1.1325     0.00
  334    0.9150    75.61    1.0317    47.43    1.1425     0.00
  335    0.9160    74.34    1.0425    45.20    1.1520     0.00
  336    0.9172    72.90    1.0533    42.91    1.1610     0.00
  337    0.9185    71.27    1.0640    40.57    1.1694     0.00
  338    0.9198    69.45    1.0745    38.20    1.1774     0.00
  339    0.9213    67.42    1.0848    35.82    1.1849     0.00
  340    0.9230    65.17    1.0948    33.44    1.1919     0.00
  341    0.9247    62.70    1.1044    31.08    1.1985     0.00
  342    0.9265    60.00    1.1134    28.75    1.2046     0.00
  343    0.9284    57.05    1.1220    26.46    1.2103     0.00
  344    0.9303    53.84    1.1299    24.21    1.2155     0.00
  345    0.9323    50.40    1.1373    22.01    1.2203     0.00
  346    0.9342    46.68    1.1439    19.86    1.2247     0.00
  347    0.9362    42.69    1.1499    17.76    1.2287     0.00
  348    0.9381    38.44    1.1552    15.69    1.2322     0.00
  349    0.9399    33.93    1.1598    13.67    1.2353     0.00
  350    0.9415    29.18    1.1637    11.67    1.2380     0.00
  351    0.9430    24.22    1.1669     9.69    1.2404     0.00
  352    0.9442    19.08    1.1694     7.73    1.2423     0.00
  353    0.9452    13.81    1.1712     5.77    1.2438     0.00
  354    0.9458     8.46    1.1722     3.82    1.2448     0.00
  355    0.9462     3.07    1.1725     1.85    1.2455     0.00
  356    0.9462    -2.28    1.1722    -0.12    1.2458     0.00
  357    0.9462    -7.50    1.1711    -2.12    1.2456     0.00
  358    0.9462   -12.52    1.1693    -4.15    1.2451     0.00
  359    0.9462   -17.32    1.1668    -6.20    1.2441     0.00
  360    0.9462   -21.86    1.1637    -8.29    1.2426     0.00
