  360    0.0000    0.0000
  361    0.0000    0.0000
  362    0.0000    0.0000
  363    0.0000    0.0000
  364    0.0000    0.0000
  365    0.0000    0.0000
  366    0.0000    0.0000
  367    0.0000    0.0000
  368    0.0000    0.0000
  369    0.0000    0.0000
  370    0.0000    0.0000
  371    0.0000    0.0000
  372    0.0000    0.0000
  373    0.0000    0.0000
  374    0.0000    0.0000
  375    0.0000    0.0000
  376    0.0000    0.0000
  377    0.0000    0.0000
  378    0.0000    0.0000
  379    0.0000    0.0000
  380    0.0000    0.0000
  381    0.0000    0.0000
  382    0.0000    0.0000
  383    0.0000    0.0000
  384    0.0000    0.0000
  385    0.0000    0.0000
  386    0.0000    0.0000
  387    0.0000    0.0000
  388    0.0000    0.0000
  389    0.0000    0.0000
  390    0.0000    0.0000
  391    0.0000    0.0000
  392    0.0000    0.0000
  393    0.0000    0.0000
  394    0.0000    0.0000
  395    0.0000    0.0000
  396    0.0000    0.0000
  397    0.0000    0.0000
  398    0.0000    0.0000
  399    0.0000    0.0000
  400    0.0000    0.0000
  401    0.0000    0.0000
  402    0.0000    0.0000
  403    0.0000    0.0000
  404    0.0000    0.0000
  405    0.0000    0.0000
  406    0.0000    0.0000
  407    0.0000    0.0000
  408    0.0000    0.0000
  409    0.0000    0.0000
  410    0.0000    0.0000
  411    0.0000    0.0000
  412    0.0000    0.0000
  413    0.0000    0.0000
  414    0.0000    0.0000
  415    0.0000    0.0000
  416    0.0000    0.0000
  417    0.0000    0.0000
  418    0.0000    0.0000
  419    0.0000    0.0000
  420    0.0000    0.0000
  421    0.0000    0.0000
  422    0.0000    0.0000
  423    0.0000    0.0000
  424    0.0000    0.0000
  425    0.0000    0.0000
  426    0.0000    0.0000
  427    0.0000    0.0000
  428    0.0000    0.0000
  429    0.0000    0.0000
  430    0.0000    0.0000
  431    0.0000    0.0000
  432    0.0000    0.0000
  433    0.0000    0.0000
  434    0.0000    0.0000
  435    0.0000    0.0000
  436    0.0000    0.0000
  437    0.0000    0.0000
  438    0.0000    0.0000
  439    0.0000    0.0000
  440    0.0000    0.0000
  441    0.0000    0.0000
  442    0.0000    0.0000
  443    0.0000    0.0000
  444    0.0000    0.0000
  445    0.0000    0.0000
  446    0.0000    0.0000
  447    0.0000    0.0000
  448    0.0000    0.0000
  449    0.0000    0.0000
  450    0.0000    0.0000
  451    0.0000    0.0000
  452    0.0000    0.0000
  453    0.0000    0.0000
  454    0.0000    0.0000
  455    0.0000    0.0000
  456    0.0000    0.0000
  457    0.0000    0.0000
  458    0.0000    0.0000
  459    0.0000    0.0000
  460    0.0000    0.0000
  461    0.0000    0.0000
  462    0.0000    0.0000
  463    0.0000    0.0000
  464    0.0000    0.0000
  465    0.0000    0.0000
  466    0.0000    0.0000
  467    0.0000    0.0000
  468    0.0000    0.0000
  469    0.0000    0.0000
  470    0.0000    0.0000
  471    0.0000    0.0000
  472    0.0000    0.0000
  473    0.0000    0.0000
  474    0.0000    0.0000
  475    0.0000    0.0000
  476    0.0000    0.0000
  477    0.0000    0.0000
  478    0.0000    0.0000
  479    0.0000    0.0000
  480    0.0000    0.0000
  481    0.0000    0.0000
  482    0.0000    0.0000
  483    0.0000    0.0000
  484    0.0000    0.0000
  485    0.0000    0.0000
  486    0.0000    0.0000
  487    0.0000    0.0000
  488    0.0000    0.0000
  489    0.0000    0.0000
  490    0.0000    0.0000
  491    0.0000    0.0000
  492    0.0000    0.0000
  493    0.0000    0.0000
  494    0.0000    0.0000
  495    0.0000    0.0000
  496    0.0000    0.0000
  497    0.0000    0.0000
  498    0.0000    0.0000
  499    0.0000    0.0000
  500    0.0000    0.0000
  501    0.0000    0.0080
  502    0.0000    0.0159
  503    0.0000    0.0285
  504    0.0000    0.0442
  505    0.0000    0.0613
  506    0.0000    0.0845
  507    0.0000    0.1076
  508    0.0000    0.1430
  509    0.0000    0.1812
  510    0.0000    0.2235
  511    0.0000    0.2719
  512    0.0000    0.3200
  513    0.0000    0.3951
  514    0.0000    0.4785
  515    0.0000    0.5728
  516    0.0000    0.6866
  517    0.0000    0.8001
  518    0.0000    0.9506
  519    0.0000    1.1025
  520    0.0000    1.2716
  521    0.0000    1.4544
  522    0.0000    1.6418
  523    0.0000    1.8556
  524    0.0000    2.0690
  525    0.0000    2.3063
  526    0.0000    2.5507
  527    0.0000    2.7919
  528    0.0000    3.0091
  529    0.0000    3.2189
  530    0.0000    3.4339
  531    0.0000    3.6412
  532    0.0000    3.8438
  533    0.0000    4.0407
  534    0.0000    4.2250
  535    0.0000    4.3805
  536    0.0000    4.5291
  537    0.0000    4.7028
  538    0.0000    4.8962
  539    0.0000    5.0838
  540    0.0000    5.2655
  541    0.0000    5.4413
  542    0.0000    5.6067
  543    0.0000    5.7646
  544    0.0000    5.9165
  545    0.0000    6.0625
  546    0.0000    6.1848
  547    0.0000    6.2679
  548    0.0000    6.3435
  549    0.0000    6.4122
  550    0.0000    6.4742
  551    0.0000    6.5291
  552    0.0000    6.5746
  553    0.0000    6.6141
  554    0.0000    6.6455
  555    0.0000    6.6707
  556    0.0000    6.6865
  557    0.0000    6.6934
  558    0.0000    6.6957
  559    0.0000    6.6848
  560    0.0000    6.6699
  561    0.0000    6.6532
  562    0.0000    6.6363
  563    0.0000    6.6163
  564    0.0000    6.5913
  565    0.0000    6.5634
  566    0.0000    6.5321
  567    0.0000    6.5103
  568    0.0000    6.5187
  569    0.0000    6.5186
  570    0.0000    6.5164
  571    0.0000    6.5121
  572    0.0000    6.4850
  573    0.0000    6.3709
  574    0.0000    6.2513
  575    0.0000    6.1299
  576    0.0000    6.0342
  577    0.0000    5.9443
  578    0.0000    5.8530
  579    0.0000    5.7596
  580    0.0000    5.6666
  581    0.0000    5.5699
  582    0.0000    5.4787
  583    0.0000    5.3947
  584    0.0000    5.3075
  585    0.0000    5.2232
  586    0.0000    5.1389
  587    0.0000    5.0529
  588    0.0000    4.9635
  589    0.0000    4.8659
  590    0.0000    4.7694
  591    0.0000    4.6739
  592    0.0000    4.5815
  593    0.0000    4.4887
  594    0.0000    4.3994
  595    0.0000    4.3133
  596    0.0000    4.2307
  597    0.0000    4.1528
  598    0.0000    4.0762
  599    0.0000    4.0051
  600    0.0000    3.9384
  601    0.0000    3.8768
  602    0.0000    3.8206
  603    0.0000    3.7690
  604    0.0000    3.7233
  605    0.0000    3.6805
  606    0.0000    3.6431
  607    0.0000    3.6095
  608    0.0000    3.5792
  609    0.0000    3.5541
  610    0.0000    3.5331
  611    0.0000    3.5163
  612    0.0000    3.5030
  613    0.0000    3.4923
  614    0.0000    3.4848
  615    0.0000    3.4768
  616    0.0000    3.4712
  617    0.0000    3.4658
  618    0.0000    3.4608
  619    0.0000    3.4565
  620    0.0000    3.4521
  621    0.0000    3.4487
  622    0.0000    3.4447
  623    0.0000    3.4408
  624    0.0000    3.4357
  625    0.0000    3.4287
  626    0.0000    3.4216
  627    0.0000    3.4110
  628    0.0000    3.4002
  629    0.0000    3.3882
  630    0.0000    3.3750
  631    0.0000    3.3612
  632    0.0000    3.3455
  633    0.0000    3.3293
  634    0.0000    3.3117
  635    0.0000    3.2928
  636    0.0000    3.2726
  637    0.0000    3.2478
  638    0.0000    3.2228
  639    0.0000    3.1962
  640    0.0000    3.1689
  641    0.0000    3.1408
  642    0.0000    3.1114
  643    0.0000    3.0819
  644    0.0000    3.0491
  645    0.0000    3.0161
  646    0.0000    2.9822
  647    0.0000    2.9476
  648    0.0000    2.9125
  649    0.0000    2.8817
  650    0.0000    2.8528
  651    0.0000    2.8222
  652    0.0000    2.7905
  653    0.0000    2.7577
  654    0.0000    2.7236
  655    0.0000    2.6932
  656    0.0000    2.6762
  657    0.0000    2.6573
  658    0.0000    2.6362
  659    0.0000    2.6126
  660    0.0000    2.5861
  661    0.0000    2.5562
  662    0.0000    2.5250
  663    0.0000    2.4923
  664    0.0000    2.4628
  665    0.0000    2.4332
  666    0.0000    2.4011
  667    0.0000    2.3673
  668    0.0000    2.3315
  669    0.0000    2.2939
  670    0.0000    2.2545
  671    0.0000    2.2132
  672    0.0000    2.1704
  673    0.0000    2.1251
  674    0.0000    2.0785
  675    0.0000    2.0311
  676    0.0000    1.9823
  677    0.0000    1.9323
  678    0.0000    1.8805
  679    0.0000    1.8277
  680    0.0000    1.7751
  681    0.0000    1.7221
  682    0.0000    1.6681
  683    0.0000    1.6107
  684    0.0000    1.5511
  685    0.0000    1.4842
  686    0.0000    1.4180
  687    0.0000    1.3529
  688    0.0000    1.2889
  689    0.0000    1.2260
  690    0.0000    1.1633
  691    0.0000    1.1016
  692    0.0000    1.0410
  693    0.0000    0.9818
  694    0.0000    0.9237
  695    0.0000    0.8662
  696    0.0000    0.8092
  697    0.0000    0.7540
  698    0.0000    0.7002
  699    0.0000    0.6473
  700    0.0000    0.5951
  701    0.0000    0.5436
  702    0.0000    0.4936
  703    0.0000    0.4423
  704    0.0000    0.3969
  705    0.0000    0.3575
  706    0.0000    0.3186
  707    0.0000    0.2831
  708    0.0000    0.2485
  709    0.0000    0.2166
  710    0.0000    0.1881
  711    0.0000    0.1600
  712    0.0000    0.1401
  713    0.0000    0.1201
  714    0.0000    0.1045
  715    0.0000    0.0912
  716    0.0000    0.0790
  717    0.0000    0.0697
  718    0.0000    0.0772
  719    -0.0009    0.0538
  720    -0.0017    0.0471
    1    -0.0028    0.0409
    2    -0.0035    0.0356
    3    -0.0033    0.0304
    4    -0.0000    0.0251
    5    0.0092    0.0200
    6    0.0169    0.0148
    7    0.0256    0.0097
    8    0.0362    0.0037
    9    0.0486    -0.0072
   10    0.0631    -0.0097
   11    0.0845    -0.0103
   12    0.1077    -0.0097
   13    0.1381    -0.0084
   14    0.1718    -0.0064
   15    0.2125    -0.0040
   16    0.2602    -0.0037
   17    0.3126    -0.0038
   18    0.3741    -0.0033
   19    0.4392    -0.0017
   20    0.5141    -0.0000
   21    0.5975    -0.0000
   22    0.6893    -0.0000
   23    0.7881    -0.0000
   24    0.8914    -0.0000
   25    1.0006    -0.0000
   26    1.1122    -0.0000
   27    1.2295    -0.0000
   28    1.3483    -0.0000
   29    1.4689    -0.0000
   30    1.5904    -0.0000
   31    1.7085    -0.0000
   32    1.8186    -0.0000
   33    1.9270    -0.0000
   34    2.0393    -0.0000
   35    2.1514    -0.0000
   36    2.2605    -0.0000
   37    2.3665    -0.0000
   38    2.4689    -0.0000
   39    2.5658    -0.0000
   40    2.6590    -0.0000
   41    2.7483    -0.0000
   42    2.8349    -0.0000
   43    2.8964    -0.0000
   44    2.9495    -0.0000
   45    2.9973    -0.0000
   46    3.0398    -0.0000
   47    3.0772    -0.0000
   48    3.1089    -0.0000
   49    3.1359    -0.0000
   50    3.1581    -0.0000
   51    3.1757    -0.0000
   52    3.1940    -0.0000
   53    3.2138    -0.0000
   54    3.2300    -0.0000
   55    3.2402    -0.0000
   56    3.2469    -0.0000
   57    3.2512    -0.0000
   58    3.2538    -0.0000
   59    3.2539    -0.0000
   60    3.2513    -0.0000
   61    3.2469    -0.0000
   62    3.2436    -0.0000
   63    3.2477    -0.0000
   64    3.2576    -0.0000
   65    3.2658    -0.0000
   66    3.2746    -0.0000
   67    3.2847    -0.0000
   68    3.2968    -0.0000
   69    3.3104    -0.0000
   70    3.3270    -0.0000
   71    3.3475    -0.0000
   72    3.3722    -0.0000
   73    3.4131    -0.0000
   74    3.4682    -0.0000
   75    3.5292    -0.0000
   76    3.5935    -0.0000
   77    3.6626    -0.0000
   78    3.7384    -0.0000
   79    3.8161    -0.0000
   80    3.8985    -0.0000
   81    3.9862    -0.0000
   82    4.0777    -0.0000
   83    4.1694    -0.0000
   84    4.2613    -0.0000
   85    4.3541    -0.0000
   86    4.4459    -0.0000
   87    4.5380    -0.0000
   88    4.6257    -0.0000
   89    4.7123    -0.0000
   90    4.7965    -0.0000
   91    4.8786    -0.0000
   92    4.9579    -0.0000
   93    5.0321    -0.0000
   94    5.1043    -0.0000
   95    5.1727    -0.0000
   96    5.2394    -0.0000
   97    5.3028    -0.0000
   98    5.3636    -0.0000
   99    5.4210    -0.0000
  100    5.4731    -0.0000
  101    5.5235    -0.0000
  102    5.5658    -0.0000
  103    5.6063    -0.0000
  104    5.6444    -0.0000
  105    5.6798    -0.0000
  106    5.7131    -0.0000
  107    5.7423    -0.0000
  108    5.7697    -0.0000
  109    5.7910    -0.0000
  110    5.8095    -0.0000
  111    5.8237    -0.0000
  112    5.8333    -0.0000
  113    5.8410    -0.0000
  114    5.8449    -0.0000
  115    5.8473    -0.0000
  116    5.8460    -0.0000
  117    5.8430    -0.0000
  118    5.8358    -0.0000
  119    5.8248    -0.0000
  120    5.8116    -0.0000
  121    5.7929    -0.0000
  122    5.7733    -0.0000
  123    5.7504    -0.0000
  124    5.7264    -0.0000
  125    5.7001    -0.0000
  126    5.6720    -0.0000
  127    5.6432    -0.0000
  128    5.6112    -0.0000
  129    5.5786    -0.0000
  130    5.5400    -0.0000
  131    5.4983    -0.0000
  132    5.4554    -0.0000
  133    5.4106    -0.0000
  134    5.3653    -0.0000
  135    5.3173    -0.0000
  136    5.2691    -0.0000
  137    5.2169    -0.0000
  138    5.1630    -0.0000
  139    5.1080    -0.0000
  140    5.0514    -0.0000
  141    4.9943    -0.0000
  142    4.9346    -0.0000
  143    4.8762    -0.0000
  144    4.8156    -0.0000
  145    4.7542    -0.0000
  146    4.6977    -0.0000
  147    4.6642    -0.0000
  148    4.6300    -0.0000
  149    4.5955    -0.0000
  150    4.5602    -0.0000
  151    4.5219    -0.0000
  152    4.4811    -0.0000
  153    4.4390    -0.0000
  154    4.3942    -0.0000
  155    4.3484    -0.0000
  156    4.3042    -0.0000
  157    4.2694    -0.0000
  158    4.2326    -0.0000
  159    4.1942    -0.0000
  160    4.1546    -0.0000
  161    4.1133    -0.0000
  162    4.0711    -0.0000
  163    4.0269    -0.0000
  164    3.9815    -0.0000
  165    3.9337    -0.0000
  166    3.8840    -0.0000
  167    3.8431    -0.0000
  168    3.8036    -0.0000
  169    3.7620    -0.0000
  170    3.7175    -0.0000
  171    3.6708    -0.0000
  172    3.6232    -0.0000
  173    3.5741    -0.0000
  174    3.5223    -0.0000
  175    3.4644    -0.0000
  176    3.3964    -0.0000
  177    3.3093    -0.0000
  178    3.2197    -0.0000
  179    3.1278    -0.0000
  180    3.0334    -0.0000
  181    2.9362    -0.0000
  182    2.8346    -0.0000
  183    2.7287    -0.0000
  184    2.6171    -0.0000
  185    2.4988    -0.0000
  186    2.3770    -0.0000
  187    2.2522    -0.0000
  188    2.1255    -0.0000
  189    2.0004    -0.0000
  190    1.8722    -0.0000
  191    1.7407    -0.0000
  192    1.6060    -0.0000
  193    1.4760    -0.0000
  194    1.3493    -0.0000
  195    1.2261    -0.0000
  196    1.1187    -0.0000
  197    1.0093    -0.0000
  198    0.9048    -0.0000
  199    0.8013    -0.0000
  200    0.7028    -0.0000
  201    0.6134    -0.0000
  202    0.5250    -0.0000
  203    0.4601    -0.0000
  204    0.3950    -0.0000
  205    0.3465    -0.0000
  206    0.3036    -0.0000
  207    0.2665    -0.0000
  208    0.2373    -0.0000
  209    0.2093    -0.0000
  210    0.1894    -0.0000
  211    0.1697    -0.0000
  212    0.1536    -0.0000
  213    0.1386    -0.0000
  214    0.1239    -0.0000
  215    0.1093    -0.0000
  216    0.0951    -0.0000
  217    0.0811    -0.0000
  218    0.0675    -0.0000
  219    0.0580    -0.0000
  220    0.0496    -0.0000
  221    0.0413    -0.0000
  222    0.0328    -0.0000
  223    0.0246    -0.0000
  224    0.0169    -0.0000
  225    0.0097    -0.0000
  226    0.0070    -0.0000
  227    0.0065    -0.0000
  228    0.0052    -0.0000
  229    0.0023    -0.0000
  230    0.0000    0.0000
  231    0.0000    0.0000
  232    0.0000    0.0000
  233    0.0000    0.0000
  234    0.0000    0.0000
  235    0.0000    0.0000
  236    0.0000    0.0000
  237    0.0000    0.0000
  238    0.0000    0.0000
  239    0.0000    0.0000
  240    0.0000    0.0000
  241    0.0000    0.0000
  242    0.0000    0.0000
  243    0.0000    0.0000
  244    0.0000    0.0000
  245    0.0000    0.0000
  246    0.0000    0.0000
  247    0.0000    0.0000
  248    0.0000    0.0000
  249    0.0000    0.0000
  250    0.0000    0.0000
  251    0.0000    0.0000
  252    0.0000    0.0000
  253    0.0000    0.0000
  254    0.0000    0.0000
  255    0.0000    0.0000
  256    0.0000    0.0000
  257    0.0000    0.0000
  258    0.0000    0.0000
  259    0.0000    0.0000
  260    0.0000    0.0000
  261    0.0000    0.0000
  262    0.0000    0.0000
  263    0.0000    0.0000
  264    0.0000    0.0000
  265    0.0000    0.0000
  266    0.0000    0.0000
  267    0.0000    0.0000
  268    0.0000    0.0000
  269    0.0000    0.0000
  270    0.0000    0.0000
  271    0.0000    0.0000
  272    0.0000    0.0000
  273    0.0000    0.0000
  274    0.0000    0.0000
  275    0.0000    0.0000
  276    0.0000    0.0000
  277    0.0000    0.0000
  278    0.0000    0.0000
  279    0.0000    0.0000
  280    0.0000    0.0000
  281    0.0000    0.0000
  282    0.0000    0.0000
  283    0.0000    0.0000
  284    0.0000    0.0000
  285    0.0000    0.0000
  286    0.0000    0.0000
  287    0.0000    0.0000
  288    0.0000    0.0000
  289    0.0000    0.0000
  290    0.0000    0.0000
  291    0.0000    0.0000
  292    0.0000    0.0000
  293    0.0000    0.0000
  294    0.0000    0.0000
  295    0.0000    0.0000
  296    0.0000    0.0000
  297    0.0000    0.0000
  298    0.0000    0.0000
  299    0.0000    0.0000
  300    0.0000    0.0000
  301    0.0000    0.0000
  302    0.0000    0.0000
  303    0.0000    0.0000
  304    0.0000    0.0000
  305    0.0000    0.0000
  306    0.0000    0.0000
  307    0.0000    0.0000
  308    0.0000    0.0000
  309    0.0000    0.0000
  310    0.0000    0.0000
  311    0.0000    0.0000
  312    0.0000    0.0000
  313    0.0000    0.0000
  314    0.0000    0.0000
  315    0.0000    0.0000
  316    0.0000    0.0000
  317    0.0000    0.0000
  318    0.0000    0.0000
  319    0.0000    0.0000
  320    0.0000    0.0000
  321    0.0000    0.0000
  322    0.0000    0.0000
  323    0.0000    0.0000
  324    0.0000    0.0000
  325    0.0000    0.0000
  326    0.0000    0.0000
  327    0.0000    0.0000
  328    0.0000    0.0000
  329    0.0000    0.0000
  330    0.0000    0.0000
  331    0.0000    0.0000
  332    0.0000    0.0000
  333    0.0000    0.0000
  334    0.0000    0.0000
  335    0.0000    0.0000
  336    0.0000    0.0000
  337    0.0000    0.0000
  338    0.0000    0.0000
  339    0.0000    0.0000
  340    0.0000    0.0000
  341    0.0000    0.0000
  342    0.0000    0.0000
  343    0.0000    0.0000
  344    0.0000    0.0000
  345    0.0000    0.0000
  346    0.0000    0.0000
  347    0.0000    0.0000
  348    0.0000    0.0000
  349    0.0000    0.0000
  350    0.0000    0.0000
  351    0.0000    0.0000
  352    0.0000    0.0000
  353    0.0000    0.0000
  354    0.0000    0.0000
  355    0.0000    0.0000
  356    0.0000    0.0000
  357    0.0000    0.0000
  358    0.0000    0.0000
  359    0.0000    0.0000
  360    0.0000    0.0000
