  360    2123.81
  361    2184.20
  362    2242.97
  363    2299.96
  364    2354.99
  365    2407.90
  366    2458.55
  367    2506.80
  368    2552.50
  369    2595.55
  370    2635.83
  371    2673.22
  372    2707.64
  373    2738.99
  374    2767.19
  375    2792.16
  376    2813.84
  377    2832.17
  378    2847.09
  379    2858.56
  380    2866.54
  381    2871.00
  382    2871.98
  383    2862.82
  384    2848.38
  385    2833.74
  386    2840.59
  387    2825.41
  388    2810.28
  389    2795.20
  390    2780.20
  391    2765.28
  392    2750.46
  393    2735.74
  394    2721.13
  395    2706.64
  396    2692.27
  397    2678.04
  398    2663.93
  399    2649.97
  400    2636.14
  401    2622.47
  402    2608.94
  403    2595.56
  404    2582.33
  405    2569.25
  406    2556.33
  407    2543.56
  408    2530.94
  409    2518.49
  410    2506.18
  411    2494.03
  412    2482.04
  413    2470.20
  414    2458.52
  415    2446.99
  416    2435.61
  417    2424.38
  418    2413.31
  419    2402.39
  420    2391.61
  421    2380.99
  422    2370.51
  423    2360.18
  424    2349.99
  425    2339.95
  426    2330.05
  427    2320.29
  428    2310.68
  429    2301.20
  430    2291.86
  431    2282.65
  432    2273.59
  433    2264.65
  434    2255.85
  435    2247.18
  436    2238.65
  437    2230.24
  438    2221.95
  439    2213.80
  440    2205.77
  441    2197.86
  442    2190.07
  443    2182.41
  444    2174.87
  445    2167.44
  446    2160.13
  447    2152.94
  448    2145.86
  449    2138.89
  450    2132.04
  451    2125.29
  452    2118.66
  453    2112.13
  454    2105.71
  455    2099.39
  456    2093.18
  457    2087.07
  458    2081.06
  459    2075.15
  460    2069.34
  461    2063.63
  462    2058.01
  463    2052.49
  464    2047.06
  465    2041.73
  466    2036.48
  467    2031.33
  468    2026.26
  469    2021.28
  470    2016.39
  471    2011.59
  472    2006.86
  473    2002.23
  474    1997.67
  475    1993.19
  476    1988.80
  477    1984.48
  478    1980.24
  479    1976.08
  480    1971.99
  481    1967.98
  482    1964.04
  483    1960.17
  484    1956.38
  485    1952.65
  486    1949.00
  487    1945.41
  488    1941.90
  489    1938.45
  490    1935.06
  491    1931.74
  492    1928.49
  493    1925.30
  494    1922.17
  495    1919.10
  496    1916.10
  497    1913.15
  498    1910.27
  499    1907.44
  500    1903.77
  501    1900.20
  502    1896.69
  503    1893.22
  504    1889.81
  505    1886.45
  506    1883.13
  507    1879.85
  508    1876.61
  509    1873.40
  510    1870.22
  511    1867.07
  512    1863.95
  513    1860.84
  514    1857.74
  515    1854.63
  516    1851.52
  517    1848.39
  518    1845.23
  519    1842.03
  520    1838.78
  521    1835.47
  522    1832.10
  523    1828.65
  524    1825.10
  525    1821.47
  526    1817.73
  527    1813.88
  528    1809.91
  529    1805.84
  530    1801.68
  531    1797.41
  532    1793.04
  533    1788.58
  534    1784.02
  535    1779.37
  536    1774.64
  537    1769.85
  538    1764.96
  539    1759.97
  540    1754.88
  541    1749.68
  542    1744.38
  543    1738.98
  544    1733.48
  545    1727.89
  546    1722.21
  547    1716.45
  548    1710.63
  549    1704.76
  550    1698.84
  551    1692.88
  552    1686.88
  553    1680.84
  554    1674.77
  555    1668.66
  556    1662.53
  557    1656.38
  558    1650.22
  559    1644.04
  560    1637.85
  561    1631.67
  562    1625.49
  563    1619.31
  564    1613.12
  565    1606.95
  566    1600.77
  567    1594.61
  568    1588.45
  569    1582.25
  570    1576.04
  571    1569.80
  572    1563.54
  573    1557.27
  574    1551.09
  575    1545.00
  576    1539.00
  577    1533.06
  578    1527.20
  579    1521.40
  580    1515.68
  581    1510.02
  582    1504.45
  583    1498.95
  584    1493.52
  585    1488.17
  586    1482.89
  587    1477.68
  588    1472.55
  589    1467.51
  590    1462.56
  591    1457.71
  592    1452.96
  593    1448.30
  594    1443.75
  595    1439.29
  596    1434.93
  597    1430.67
  598    1426.49
  599    1422.41
  600    1418.42
  601    1414.50
  602    1410.67
  603    1406.91
  604    1403.21
  605    1399.58
  606    1396.00
  607    1392.48
  608    1389.00
  609    1385.56
  610    1382.15
  611    1378.78
  612    1375.42
  613    1372.09
  614    1368.76
  615    1365.44
  616    1362.12
  617    1358.80
  618    1355.49
  619    1352.17
  620    1348.84
  621    1345.51
  622    1342.16
  623    1338.81
  624    1335.44
  625    1332.05
  626    1328.66
  627    1325.25
  628    1321.83
  629    1318.40
  630    1314.96
  631    1311.51
  632    1308.05
  633    1304.57
  634    1301.09
  635    1297.60
  636    1294.10
  637    1290.58
  638    1287.07
  639    1283.56
  640    1280.05
  641    1276.53
  642    1273.02
  643    1269.51
  644    1266.00
  645    1262.50
  646    1259.00
  647    1255.51
  648    1252.03
  649    1248.56
  650    1245.09
  651    1241.60
  652    1238.10
  653    1234.59
  654    1231.07
  655    1227.55
  656    1224.00
  657    1220.39
  658    1216.71
  659    1212.96
  660    1209.15
  661    1205.27
  662    1201.34
  663    1197.36
  664    1193.33
  665    1189.23
  666    1185.05
  667    1180.79
  668    1176.47
  669    1172.07
  670    1167.61
  671    1163.08
  672    1158.49
  673    1153.85
  674    1149.16
  675    1144.43
  676    1139.65
  677    1134.84
  678    1130.01
  679    1125.15
  680    1120.28
  681    1115.40
  682    1110.51
  683    1105.63
  684    1100.78
  685    1095.98
  686    1091.31
  687    1086.77
  688    1082.36
  689    1078.10
  690    1074.00
  691    1070.06
  692    1066.30
  693    1062.72
  694    1059.33
  695    1056.14
  696    1053.15
  697    1050.37
  698    1047.81
  699    1045.46
  700    1043.32
  701    1041.39
  702    1039.69
  703    1038.19
  704    1036.92
  705    1035.81
  706    1034.79
  707    1033.86
  708    1032.95
  709    1032.07
  710    1031.15
  711    1030.16
  712    1029.08
  713    1027.80
  714    1026.30
  715    1024.53
  716    1022.45
  717    1020.04
  718    649.29
  719    1035.09
  720    1031.37
    1    1025.96
    2    1020.20
    3    1014.06
    4    1007.59
    5    1000.86
    6    994.01
    7    987.02
    8    979.95
    9    972.86
   10    965.88
   11    958.90
   12    952.02
   13    945.19
   14    938.44
   15    931.68
   16    924.85
   17    917.89
   18    910.63
   19    902.92
   20    886.47
   21    869.86
   22    852.50
   23    834.44
   24    815.81
   25    796.78
   26    777.48
   27    758.11
   28    738.79
   29    719.69
   30    700.93
   31    682.66
   32    664.97
   33    648.00
   34    631.77
   35    616.30
   36    601.58
   37    587.63
   38    574.45
   39    562.02
   40    550.32
   41    539.32
   42    528.99
   43    519.30
   44    510.24
   45    501.77
   46    493.85
   47    486.43
   48    479.49
   49    472.98
   50    466.87
   51    461.14
   52    455.74
   53    450.66
   54    445.87
   55    441.35
   56    437.07
   57    433.03
   58    429.20
   59    425.56
   60    422.12
   61    418.84
   62    415.73
   63    412.77
   64    409.95
   65    407.25
   66    404.69
   67    402.23
   68    399.89
   69    397.65
   70    395.51
   71    393.47
   72    391.51
   73    389.64
   74    387.85
   75    386.15
   76    384.52
   77    382.97
   78    381.49
   79    380.08
   80    378.74
   81    377.47
   82    376.26
   83    375.12
   84    374.04
   85    373.01
   86    372.05
   87    371.13
   88    370.27
   89    369.46
   90    368.70
   91    367.98
   92    367.30
   93    366.66
   94    366.07
   95    365.50
   96    364.98
   97    364.48
   98    364.02
   99    363.58
  100    363.18
  101    362.80
  102    362.44
  103    362.11
  104    361.80
  105    361.51
  106    361.24
  107    360.99
  108    360.75
  109    360.54
  110    360.34
  111    360.15
  112    359.98
  113    359.82
  114    359.68
  115    359.54
  116    359.42
  117    359.31
  118    359.21
  119    359.12
  120    359.04
  121    358.97
  122    358.90
  123    358.85
  124    358.80
  125    358.76
  126    358.73
  127    358.70
  128    358.69
  129    358.68
  130    358.67
  131    358.67
  132    358.68
  133    358.69
  134    358.71
  135    358.74
  136    358.77
  137    358.80
  138    358.84
  139    358.89
  140    358.93
  141    358.99
  142    359.05
  143    359.11
  144    359.18
  145    359.26
  146    359.33
  147    359.42
  148    359.51
  149    359.60
  150    359.71
  151    359.82
  152    359.93
  153    360.06
  154    360.18
  155    360.32
  156    360.46
  157    360.61
  158    360.76
  159    360.92
  160    361.08
  161    361.26
  162    361.44
  163    361.62
  164    361.81
  165    362.01
  166    362.21
  167    362.42
  168    362.63
  169    362.85
  170    363.08
  171    363.31
  172    363.55
  173    363.80
  174    364.05
  175    364.31
  176    364.57
  177    364.84
  178    365.11
  179    365.39
  180    365.67
  181    365.96
  182    366.25
  183    366.54
  184    366.84
  185    367.15
  186    367.45
  187    367.76
  188    368.08
  189    368.40
  190    368.73
  191    369.06
  192    369.39
  193    369.73
  194    370.07
  195    370.42
  196    370.78
  197    371.14
  198    371.51
  199    371.89
  200    372.28
  201    372.67
  202    373.08
  203    373.49
  204    373.91
  205    374.34
  206    374.79
  207    375.24
  208    375.71
  209    376.19
  210    376.68
  211    377.19
  212    377.71
  213    378.25
  214    378.79
  215    379.36
  216    379.93
  217    380.52
  218    381.13
  219    381.75
  220    382.39
  221    383.04
  222    383.71
  223    384.39
  224    385.10
  225    385.81
  226    386.55
  227    387.30
  228    388.07
  229    388.86
  230    389.62
  231    390.41
  232    391.21
  233    392.03
  234    392.88
  235    393.74
  236    394.62
  237    395.53
  238    396.46
  239    397.40
  240    398.37
  241    399.37
  242    400.38
  243    401.42
  244    402.48
  245    403.57
  246    404.68
  247    405.81
  248    406.97
  249    408.16
  250    409.37
  251    410.61
  252    411.88
  253    413.17
  254    414.50
  255    415.85
  256    417.23
  257    418.64
  258    420.08
  259    421.55
  260    423.05
  261    424.59
  262    426.16
  263    427.76
  264    429.39
  265    431.06
  266    432.77
  267    434.51
  268    436.29
  269    438.10
  270    439.95
  271    441.84
  272    443.77
  273    445.74
  274    447.76
  275    449.81
  276    451.91
  277    454.04
  278    456.23
  279    458.45
  280    460.73
  281    463.05
  282    465.42
  283    467.83
  284    470.30
  285    472.81
  286    475.38
  287    477.99
  288    480.66
  289    483.39
  290    486.17
  291    489.00
  292    491.89
  293    494.84
  294    497.84
  295    500.91
  296    504.03
  297    507.22
  298    510.47
  299    513.78
  300    517.15
  301    520.59
  302    524.09
  303    527.66
  304    531.30
  305    535.00
  306    538.77
  307    542.61
  308    546.52
  309    550.49
  310    554.54
  311    558.65
  312    562.84
  313    567.09
  314    571.41
  315    575.80
  316    580.25
  317    584.77
  318    589.36
  319    594.01
  320    598.72
  321    603.49
  322    608.31
  323    613.19
  324    618.13
  325    623.10
  326    628.12
  327    633.18
  328    638.27
  329    643.38
  330    648.51
  331    672.09
  332    682.63
  333    693.32
  334    704.23
  335    723.93
  336    752.93
  337    785.95
  338    822.76
  339    863.11
  340    906.79
  341    953.55
  342    1003.17
  343    1055.44
  344    1110.11
  345    1166.97
  346    1225.78
  347    1286.32
  348    1348.35
  349    1411.63
  350    1475.93
  351    1541.02
  352    1606.66
  353    1672.60
  354    1738.63
  355    1804.50
  356    1869.99
  357    1934.88
  358    1998.95
  359    2062.00
  360    2123.81
