  360    1.1913     48.17    1.2718     27.66    1.3011      0.00
  361    1.1913     49.57    1.2669     28.91    1.2949      0.00
  362    1.1913     50.86    1.2618     30.08    1.2886      0.00
  363    1.1913     52.05    1.2567     31.17    1.2819      0.00
  364    1.1913     53.11    1.2515     32.18    1.2750      0.00
  365    1.1913     54.07    1.2462     33.10    1.2679      0.00
  366    1.1913     54.92    1.2409     33.93    1.2607      0.00
  367    1.1913     55.65    1.2355     34.65    1.2532      0.00
  368    1.1913     56.28    1.2301     35.28    1.2456      0.00
  369    1.1913     56.79    1.2247     35.81    1.2380      0.00
  370    1.1913     57.19    1.2192     36.23    1.2302      0.00
  371    1.1913     57.47    1.2138     36.55    1.2224      0.00
  372    1.1913     57.64    1.2083     36.77    1.2146      0.00
  373    1.1913     57.70    1.2028     36.88    1.2068      0.00
  374    1.1913     57.63    1.1974     36.90    1.1990      0.00
  375    1.1913     57.45    1.1919     36.81    1.1913      0.00
  376    1.1913     57.15    1.1865     36.63    1.1837      0.00
  377    1.1913     56.73    1.1812     36.35    1.1762      0.00
  378    1.1913     56.20    1.1759     35.97    1.1689      0.00
  379    1.1913     55.54    1.1706     35.51    1.1617      0.00
  380    1.1913     54.77    1.1655     34.97    1.1547      0.00
  381    1.1913     53.87    1.1603     34.34    1.1480      0.00
  382    1.1913     52.86    1.1553     33.63    1.1414      0.00
  383    1.1913     51.74    1.1504     32.85    1.1350      0.00
  384    1.1913     50.50    1.1456     31.99    1.1289      0.00
  385    1.1913     49.14    1.1409     31.07    1.1230      0.00
  386    1.1913     47.68    1.1364     30.09    1.1173      0.00
  387    1.1913     46.10    1.1319     29.05    1.1119      0.00
  388    1.1913     44.42    1.1277     27.96    1.1067      0.00
  389    1.1913     42.65    1.1236     26.81    1.1018      0.00
  390    1.1913     40.78    1.1197     25.62    1.0972      0.00
  391    1.1913     38.81    1.1160     24.38    1.0928      0.00
  392    1.1913     36.76    1.1124     23.10    1.0886      0.00
  393    1.1913     34.63    1.1091     21.78    1.0847      0.00
  394    1.1913     32.42    1.1060     20.42    1.0811      0.00
  395    1.1913     30.15    1.1031     19.03    1.0778      0.00
  396    1.1913     27.81    1.1004     17.61    1.0747      0.00
  397    1.1913     25.41    1.0980     16.15    1.0718      0.00
  398    1.1913     22.97    1.0958     14.67    1.0692      0.00
  399    1.1913     20.48    1.0938     13.16    1.0669      0.00
  400    1.1913     17.96    1.0922     11.63    1.0649      0.00
  401    1.1913     15.40    1.0907     10.08    1.0631      0.00
  402    1.1913     12.83    1.0895      8.50    1.0616      0.00
  403    1.1913     10.25    1.0886      6.91    1.0603      0.00
  404    1.1913      7.65    1.0879      5.30    1.0593      0.00
  405    1.1913      5.06    1.0875      3.68    1.0586      0.00
  406    1.1913      2.47    1.0873      2.04    1.0582      0.00
  407    1.1912     -0.06    1.0874      0.40    1.0580      0.00
  408    1.1912     -2.55    1.0877     -1.25    1.0582      0.00
  409    1.1912     -5.03    1.0883     -2.90    1.0586      0.00
  410    1.1911     -7.49    1.0891     -4.56    1.0593      0.00
  411    1.1910     -9.91    1.0902     -6.21    1.0603      0.00
  412    1.1909    -12.28    1.0915     -7.85    1.0616      0.00
  413    1.1907    -14.61    1.0930     -9.48    1.0633      0.00
  414    1.1905    -16.88    1.0947    -11.09    1.0652      0.00
  415    1.1903    -19.09    1.0967    -12.68    1.0674      0.00
  416    1.1901    -21.24    1.0988    -14.25    1.0700      0.00
  417    1.1899    -23.31    1.1012    -15.78    1.0728      0.00
  418    1.1896    -25.32    1.1037    -17.27    1.0760      0.00
  419    1.1894    -27.26    1.1064    -18.72    1.0795      0.00
  420    1.1891    -29.13    1.1093    -20.11    1.0833      0.00
  421    1.1888    -30.91    1.1123    -21.45    1.0873      0.00
  422    1.1886    -32.62    1.1155    -22.74    1.0917      0.00
  423    1.1883    -34.26    1.1188    -23.95    1.0963      0.00
  424    1.1880    -35.81    1.1222    -25.10    1.1012      0.00
  425    1.1877    -37.28    1.1258    -26.17    1.1064      0.00
  426    1.1875    -38.67    1.1295    -27.17    1.1118      0.00
  427    1.1872    -39.97    1.1333    -28.08    1.1174      0.00
  428    1.1870    -41.19    1.1372    -28.90    1.1233      0.00
  429    1.1867    -42.33    1.1412    -29.64    1.1293      0.00
  430    1.1865    -43.38    1.1453    -30.28    1.1355      0.00
  431    1.1863    -44.34    1.1494    -30.83    1.1418      0.00
  432    1.1861    -45.21    1.1537    -31.28    1.1483      0.00
  433    1.1859    -46.00    1.1580    -31.64    1.1548      0.00
  434    1.1857    -46.69    1.1624    -31.90    1.1614      0.00
  435    1.1856    -47.30    1.1669    -32.07    1.1681      0.00
  436    1.1855    -47.82    1.1714    -32.14    1.1748      0.00
  437    1.1854    -48.24    1.1759    -32.12    1.1815      0.00
  438    1.1853    -48.56    1.1805    -32.01    1.1881      0.00
  439    1.1852    -48.79    1.1851    -31.82    1.1947      0.00
  440    1.1852    -48.92    1.1898    -31.53    1.2012      0.00
  441    1.1852    -48.96    1.1945    -31.17    1.2076      0.00
  442    1.1852    -48.89    1.1992    -30.73    1.2139      0.00
  443    1.1853    -48.73    1.2039    -30.22    1.2200      0.00
  444    1.1853    -48.46    1.2086    -29.63    1.2260      0.00
  445    1.1854    -48.09    1.2132    -28.98    1.2319      0.00
  446    1.1855    -47.61    1.2179    -28.27    1.2375      0.00
  447    1.1857    -47.03    1.2225    -27.51    1.2430      0.00
  448    1.1858    -46.33    1.2270    -26.69    1.2483      0.00
  449    1.1860    -45.54    1.2315    -25.83    1.2534      0.00
  450    1.1862    -44.63    1.2358    -24.93    1.2583      0.00
  451    1.1864    -43.62    1.2401    -23.99    1.2630      0.00
  452    1.1867    -42.50    1.2443    -23.02    1.2675      0.00
  453    1.1869    -41.27    1.2483    -22.02    1.2717      0.00
  454    1.1872    -39.93    1.2523    -21.00    1.2758      0.00
  455    1.1875    -38.49    1.2560    -19.96    1.2796      0.00
  456    1.1878    -36.95    1.2596    -18.90    1.2832      0.00
  457    1.1881    -35.30    1.2631    -17.83    1.2866      0.00
  458    1.1884    -33.55    1.2663    -16.74    1.2898      0.00
  459    1.1887    -31.71    1.2694    -15.64    1.2928      0.00
  460    1.1890    -29.78    1.2723    -14.54    1.2956      0.00
  461    1.1893    -27.77    1.2750    -13.43    1.2981      0.00
  462    1.1896    -25.67    1.2774    -12.31    1.3005      0.00
  463    1.1899    -23.50    1.2797    -11.18    1.3026      0.00
  464    1.1901    -21.27    1.2817    -10.05    1.3045      0.00
  465    1.1903    -18.97    1.2835     -8.92    1.3063      0.00
  466    1.1906    -16.62    1.2850     -7.78    1.3078      0.00
  467    1.1907    -14.22    1.2863     -6.64    1.3091      0.00
  468    1.1909    -11.79    1.2874     -5.49    1.3101      0.00
  469    1.1910     -9.32    1.2883     -4.35    1.3110      0.00
  470    1.1911     -6.84    1.2888     -3.19    1.3116      0.00
  471    1.1912     -4.35    1.2892     -2.04    1.3121      0.00
  472    1.1912     -1.86    1.2893     -0.87    1.3123      0.00
  473    1.1913      0.62    1.2892      0.30    1.3122      0.00
  474    1.1913      3.08    1.2888      1.47    1.3120      0.00
  475    1.1913      5.50    1.2883      2.64    1.3115      0.00
  476    1.1913      7.88    1.2874      3.81    1.3108      0.00
  477    1.1913     10.21    1.2864      4.99    1.3098      0.00
  478    1.1913     12.49    1.2851      6.17    1.3086      0.00
  479    1.1913     14.70    1.2836      7.34    1.3079      0.33
  480    1.1913     16.84    1.2819      8.52    1.3100      2.05
  481    1.1913     18.92    1.2800      9.68    1.3119      3.76
  482    1.1913     20.91    1.2779     10.84    1.3136      5.46
  483    1.1913     22.83    1.2757     11.99    1.3152      7.14
  484    1.1913     24.67    1.2732     13.12    1.3165      8.82
  485    1.1913     26.43    1.2705     14.24    1.3196     11.44
  486    1.1913     28.10    1.2677     15.33    1.3238     14.76
  487    1.1913     29.68    1.2648     16.42    1.3277     18.04
  488    1.1913     31.18    1.2618     17.51    1.3325     21.81
  489    1.1913     32.58    1.2589     18.63    1.3372     25.71
  490    1.1913     33.90    1.2560     19.81    1.3415     29.57
  491    1.1913     35.13    1.2534     21.08    1.3484     34.70
  492    1.1913     36.27    1.2511     22.45    1.3561     40.40
  493    1.1913     37.32    1.2491     23.94    1.3633     46.02
  494    1.1913     38.29    1.2475     25.56    1.3751     53.73
  495    1.1913     39.16    1.2464     27.35    1.3869     61.65
  496    1.1913     39.94    1.2459     29.32    1.3984     69.52
  497    1.1913     40.64    1.2459     31.47    1.4135     79.08
  498    1.1913     41.25    1.2465     33.82    1.4276     88.45
  499    1.1913     41.78    1.2478     36.37    1.4417     97.97
  500    1.1913     42.24    1.2499     39.13    1.4573    108.35
  501    1.1913     42.63    1.2526     42.13    1.4718    118.52
  502    1.1913     42.98    1.2563     45.39    1.4868    129.06
  503    1.1913     43.31    1.2610     48.96    1.5026    140.15
  504    1.1913     43.65    1.2668     52.88    1.5173    151.04
  505    1.1913     44.02    1.2738     57.18    1.5338    162.78
  506    1.1913     44.46    1.2822     61.88    1.5510    174.94
  507    1.1913     45.02    1.2918     66.96    1.5672    186.91
  508    1.1913     45.72    1.3027     72.40    1.5815    198.25
  509    1.1913     46.61    1.3150     78.21    1.5923    208.42
  510    1.1913     47.73    1.3286     84.38    1.6018    218.25
  511    1.1913     49.13    1.3435     90.92    1.6124    228.74
  512    1.1913     50.85    1.3600     97.81    1.6215    238.90
  513    1.1913     52.94    1.3778    105.07    1.6299    248.85
  514    1.1913     55.45    1.3972    112.67    1.6388    258.98
  515    1.1913     58.45    1.4179    120.56    1.6469    268.81
  516    1.1913     62.00    1.4396    128.61    1.6536    278.09
  517    1.1913     66.18    1.4617    136.61    1.6584    286.72
  518    1.1913     71.05    1.4837    144.38    1.6627    295.12
  519    1.1913     76.70    1.5052    151.82    1.6675    303.64
  520    1.1913     83.19    1.5259    158.87    1.6781    314.22
  521    1.1913     90.62    1.5459    165.54    1.6894    324.99
  522    1.1913     99.06    1.5651    171.87    1.7008    335.57
  523    1.1913    108.58    1.5836    177.89    1.7118    345.96
  524    1.1913    119.28    1.6012    183.59    1.7227    356.35
  525    1.1913    131.18    1.6178    188.95    1.7339    367.00
  526    1.1913    144.26    1.6334    193.98    1.7450    377.82
  527    1.1913    158.50    1.6489    199.03    1.7559    388.76
  528    1.1913    173.77    1.6657    204.50    1.7654    399.58
  529    1.1913    189.90    1.6843    210.61    1.7761    410.56
  530    1.1913    206.60    1.7049    217.40    1.7824    420.77
  531    1.1913    223.40    1.7269    224.71    1.7802    428.93
  532    1.1913    240.19    1.7499    232.40    1.7774    437.11
  533    1.1913    256.60    1.7735    240.40    1.7764    445.33
  534    1.1913    272.45    1.7975    248.45    1.7783    453.62
  535    1.1913    287.55    1.8216    256.70    1.7692    457.57
  536    1.1913    301.88    1.8453    265.01    1.7301    451.29
  537    1.1913    315.54    1.8678    273.20    1.6896    443.73
  538    1.1913    328.81    1.8868    280.63    1.6414    432.86
  539    1.1913    342.01    1.9014    287.06    1.5946    421.59
  540    1.1913    355.50    1.9123    292.73    1.5494    410.04
  541    1.1913    369.60    1.9214    298.20    1.5056    398.19
  542    1.1913    384.49    1.9269    302.97    1.4631    385.99
  543    1.1913    400.23    1.9218    305.00    1.4218    373.24
  544    1.1913    416.70    1.9030    303.37    1.3812    360.39
  545    1.1913    433.72    1.8722    298.53    1.3434    347.13
  546    1.1913    450.89    1.8326    291.30    1.3087    333.05
  547    1.1913    467.61    1.7880    282.73    1.2772    317.89
  548    1.1913    483.18    1.7406    273.80    1.2489    301.52
  549    1.1913    497.20    1.6931    264.86    1.2230    283.59
  550    1.1913    509.48    1.6470    256.37    1.1997    264.36
  551    1.1913    519.43    1.6028    248.53    1.1793    244.31
  552    1.1913    525.75    1.5599    241.31    1.1616    223.76
  553    1.1913    527.08    1.5181    234.55    1.1462    203.00
  554    1.1913    522.83    1.4774    228.13    1.1331    182.66
  555    1.1913    513.44    1.4374    221.96    1.1215    163.05
  556    1.1913    499.92    1.3981    215.98    1.1108    144.56
  557    1.1913    483.53    1.3594    210.15    1.1007    127.58
  558    1.1913    465.33    1.3212    204.42    1.0910    112.34
  559    1.1913    446.26    1.2837    198.81    1.0818     99.00
  560    1.1913    426.95    1.2469    193.35    1.0731     87.64
  561    1.1913    407.74    1.2110    188.08    1.0647     78.25
  562    1.1913    388.71    1.1759    183.07    1.0567     70.77
  563    1.1913    370.02    1.1420    178.35    1.0491     65.05
  564    1.1913    351.48    1.1092    174.00    1.0417     60.93
  565    1.1913    333.22    1.0776    170.04    1.0345     58.26
  566    1.1913    315.22    1.0474    166.52    1.0273     56.86
  567    1.1913    297.35    1.0185    163.45    1.0199     56.57
  568    1.1913    279.09    0.9910    160.87    1.0124     57.22
  569    1.1913    260.75    0.9650    158.77    1.0044     58.65
  570    1.1913    242.44    0.9406    157.17    0.9961     60.69
  571    1.1913    224.24    0.9179    156.04    0.9874     63.35
  572    1.1913    206.21    0.8969    155.36    0.9782     66.40
  573    1.1913    188.42    0.8777    155.04    0.9684     69.70
  574    1.1913    170.96    0.8602    154.99    0.9580     73.18
  575    1.1913    153.88    0.8446    155.08    0.9469     76.78
  576    1.1913    137.26    0.8308    155.16    0.9353     80.43
  577    1.1913    121.12    0.8190    155.10    0.9231     84.09
  578    1.1913    105.54    0.8090    154.71    0.9104     87.70
  579    1.1913     90.55    0.8011    153.80    0.8972     91.24
  580    1.1913     76.22    0.7952    152.18    0.8836     94.68
  581    1.1913     62.56    0.7915    149.64    0.8696     97.98
  582    1.1913     49.60    0.7900    146.02    0.8552    101.09
  583    1.1913     37.38    0.7910    141.13    0.8406    103.99
  584    1.1913     25.91    0.7945    134.84    0.8258    106.64
  585    1.1913     15.18    0.8005    127.05    0.8109    109.04
  586    1.1913      5.19    0.8090    117.73    0.7960    111.12
  587    1.1912     -2.05    0.8200    106.94    0.7811    112.85
  588    1.1911     -8.80    0.8331     94.83    0.7664    114.17
  589    1.1906    -15.62    0.8482     81.60    0.7519    115.04
  590    1.1900    -22.21    0.8647     67.57    0.7378    115.40
  591    1.1892    -28.41    0.8821     53.04    0.7241    115.17
  592    1.1883    -34.17    0.9000     38.36    0.7110    114.26
  593    1.1873    -39.48    0.9177     23.82    0.6986    112.56
  594    1.1863    -44.37    0.9348      9.67    0.6871    109.95
  595    1.1852    -48.86    0.9509     -3.88    0.6765    106.25
  596    1.1842    -53.02    0.9658    -16.69    0.6671    101.25
  597    1.1831    -56.87    0.9791    -28.62    0.6591     94.72
  598    1.1820    -60.46    0.9907    -39.64    0.6526     86.32
  599    1.1810    -63.84    1.0006    -49.72    0.6480     75.71
  600    1.1799    -67.05    1.0088    -58.92    0.6452     62.51
  601    1.1789    -70.12    1.0156    -67.29    0.6445     46.24
  602    1.1778    -73.08    1.0212    -74.90    0.6457     26.44
  603    1.1767    -75.97    1.0257    -81.85    0.6455      0.38
  604    1.1756    -78.81    1.0294    -88.20    0.6553    -39.59
  605    1.1745    -81.61    1.0322    -94.03    0.6690    -57.43
  606    1.1733    -84.41    1.0344    -99.42    0.6870    -77.52
  607    1.1721    -87.20    1.0360   -104.45    0.7096    -95.97
  608    1.1709    -90.00    1.0369   -109.19    0.7367   -111.35
  609    1.1696    -92.80    1.0371   -113.72    0.7677   -122.93
  610    1.1683    -95.63    1.0366   -118.16    0.8019   -130.23
  611    1.1669    -98.47    1.0352   -122.65    0.8386   -133.52
  612    1.1655   -101.32    1.0329   -127.27    0.8772   -133.15
  613    1.1640   -104.18    1.0297   -132.04    0.9170   -129.62
  614    1.1625   -107.05    1.0258   -136.94    0.9576   -123.54
  615    1.1610   -109.92    1.0214   -141.89    0.9984   -115.55
  616    1.1594   -112.78    1.0169   -146.75    1.0391   -106.22
  617    1.1578   -115.62    1.0125   -151.39    1.0792    -96.00
  618    1.1561   -118.44    1.0086   -155.67    1.1185    -85.34
  619    1.1545   -121.24    1.0055   -159.42    1.1567    -74.53
  620    1.1528   -124.02    1.0036   -162.52    1.1933    -63.78
  621    1.1511   -126.76    1.0030   -164.80    1.2283    -53.25
  622    1.1494   -129.49    1.0042   -166.12    1.2614    -43.09
  623    1.1476   -132.21    1.0074   -166.33    1.2925    -33.39
  624    1.1459   -134.92    1.0129   -165.29    1.3215    -24.21
  625    1.1440   -137.64    1.0211   -162.85    1.3483    -15.60
  626    1.1422   -140.39    1.0322   -158.90    1.3729     -7.58
  627    1.1403   -143.15    1.0466   -153.35    1.3940     -0.68
  628    1.1383   -145.94    1.0643   -146.18    1.4155      6.28
  629    1.1362   -148.77    1.0855   -137.43    1.4330     11.90
  630    1.1341   -151.65    1.1101   -127.26    1.4484     17.01
  631    1.1320   -154.55    1.1379   -115.90    1.4618     21.65
  632    1.1298   -157.45    1.1683   -103.68    1.4735     25.87
  633    1.1275   -160.33    1.2007    -90.98    1.4834     29.69
  634    1.1253   -163.17    1.2342    -78.27    1.4919     33.14
  635    1.1231   -165.94    1.2678    -66.05    1.4991     36.25
  636    1.1210   -168.59    1.3003    -54.73    1.5050     39.03
  637    1.1189   -171.11    1.3312    -44.57    1.5099     41.49
  638    1.1170   -173.38    1.3600    -35.67    1.5140     43.65
  639    1.1153   -175.39    1.3867    -28.02    1.5173     45.52
  640    1.1139   -177.04    1.4113    -21.55    1.5199     47.11
  641    1.1129   -178.27    1.4340    -16.14    1.5221     48.42
  642    1.1123   -178.97    1.4549    -11.71    1.5240     49.47
  643    1.1122   -179.02    1.4742     -8.11    1.5257     50.27
  644    1.1129   -178.29    1.4922     -5.26    1.5273     50.84
  645    1.1143   -176.64    1.5088     -3.05    1.5290     51.18
  646    1.1166   -173.88    1.5242     -1.42    1.5309     51.34
  647    1.1200   -169.83    1.5385     -0.29    1.5334     51.39
  648    1.1244   -164.29    1.5517      0.41    1.5362     51.26
  649    1.1301   -157.04    1.5639      0.77    1.5394     50.95
  650    1.1369   -147.83    1.5752      0.85    1.5432     50.49
  651    1.1448   -136.56    1.5856      0.72    1.5475     49.90
  652    1.1533   -123.14    1.5951      0.44    1.5525     49.19
  653    1.1622   -107.59    1.6037      0.10    1.5583     48.40
  654    1.1709    -90.07    1.6115     -0.27    1.5648     47.57
  655    1.1786    -70.84    1.6184     -0.59    1.5721     46.72
  656    1.1848    -50.35    1.6245     -0.80    1.5803     45.88
  657    1.1891    -29.12    1.6297     -0.87    1.5893     45.08
  658    1.1911     -7.77    1.6340     -0.71    1.5992     44.35
  659    1.1913     12.97    1.6373     -0.28    1.6098     43.73
  660    1.1913     32.06    1.6395      0.48    1.6211     43.24
  661    1.1913     49.16    1.6406      1.62    1.6330     42.91
  662    1.1913     64.15    1.6405      3.20    1.6455     42.78
  663    1.1913     77.08    1.6390      5.29    1.6584     42.87
  664    1.1913     88.11    1.6362      7.93    1.6717     43.19
  665    1.1913     97.46    1.6319     11.16    1.6851     43.77
  666    1.1913    105.36    1.6262     15.01    1.6985     44.61
  667    1.1913    112.07    1.6190     19.51    1.7116     45.74
  668    1.1913    117.79    1.6105     24.64    1.7243     47.13
  669    1.1913    122.74    1.6007     30.40    1.7364     48.80
  670    1.1913    127.08    1.5899     36.73    1.7475     50.76
  671    1.1913    130.95    1.5783     43.58    1.7574     53.00
  672    1.1913    134.48    1.5660     50.85    1.7658     55.54
  673    1.1913    137.76    1.5534     58.48    1.7726     58.35
  674    1.1913    140.88    1.5406     66.38    1.7774     61.46
  675    1.1913    143.92    1.5279     74.44    1.7800     64.85
  676    1.1913    146.93    1.5155     82.57    1.7802     68.54
  677    1.1913    149.97    1.5034     90.67    1.7778     72.45
  678    1.1913    153.06    1.4917     98.66    1.7725     76.43
  679    1.1913    156.22    1.4806    106.46    1.7644     80.42
  680    1.1913    159.50    1.4699    114.00    1.7534     84.41
  681    1.1913    162.89    1.4599    121.23    1.7396     88.33
  682    1.1913    166.43    1.4503    128.10    1.7221     91.93
  683    1.1913    170.10    1.4412    134.56    1.7007     94.97
  684    1.1913    173.92    1.4325    140.59    1.6756     97.46
  685    1.1913    177.89    1.4241    146.14    1.6474     99.35
  686    1.1913    181.99    1.4160    151.18    1.6162    100.63
  687    1.1913    186.22    1.4079    155.69    1.5826    101.29
  688    1.1913    190.54    1.3997    159.63    1.5473    101.39
  689    1.1913    194.94    1.3913    162.99    1.5107    100.92
  690    1.1913    199.37    1.3825    165.73    1.4733     99.84
  691    1.1913    203.79    1.3732    167.81    1.4356     98.25
  692    1.1913    208.02    1.3631    169.18    1.3980     96.20
  693    1.1913    212.20    1.3520    169.83    1.3610     93.77
  694    1.1913    216.24    1.3399    169.72    1.3248     90.97
  695    1.1913    220.06    1.3267    168.89    1.2897     87.82
  696    1.1913    223.58    1.3124    167.35    1.2559     84.39
  697    1.1913    226.72    1.2970    165.18    1.2237     80.82
  698    1.1913    229.43    1.2807    162.44    1.1933     77.11
  699    1.1913    231.60    1.2635    159.19    1.1645     73.25
  700    1.1913    233.16    1.2457    155.51    1.1374     69.27
  701    1.1913    234.19    1.2274    151.48    1.1272     71.13
  702    1.1913    234.31    1.2086    147.18    1.1168     72.92
  703    1.1913    233.52    1.1896    142.70    1.0815     63.87
  704    1.1913    231.75    1.1705    138.12    1.0517     56.30
  705    1.1913    228.96    1.1514    133.52    1.0260     49.90
  706    1.1913    225.13    1.1326    128.96    1.0037     44.31
  707    1.1913    220.25    1.1140    124.47    0.9842     39.39
  708    1.1913    214.37    1.0959    120.18    0.9666     34.62
  709    1.1913    207.53    1.0787    116.22    0.9511     30.24
  710    1.1913    199.81    1.0623    112.65    0.9376     26.32
  711    1.1913    191.30    1.0466    109.34    0.9257     22.70
  712    1.1913    182.09    1.0313    106.09    0.9151     19.43
  713    1.1913    172.29    1.0160    102.73    0.9057     16.48
  714    1.1913    162.01    1.0007     99.17    0.8969     13.71
  715    1.1913    151.37    0.9854     95.38    0.8890     11.29
  716    1.1913    140.46    0.9703     91.38    0.8816      9.08
  717    1.1913    129.38    0.9556     87.22    0.8743      6.96
  718    1.1913    118.25    0.9416     82.93    0.8672      4.99
  719    1.1913    107.17    0.9284     78.53    0.8602      3.16
  720    1.1913     96.22    0.9161     74.03    0.8532      1.43
    1    1.1913     85.47    0.9051     69.41    0.8460      0.00
    2    1.1913     74.93    0.8953     64.67    0.8397     -1.28
    3    1.1913     64.60    0.8868     59.74    0.8350     -1.67
    4    1.1913     54.45    0.8798     54.58    0.8300     -2.04
    5    1.1913     44.44    0.8742     49.15    0.8250     -2.32
    6    1.1913     34.53    0.8703     43.39    0.8200     -2.51
    7    1.1913     24.68    0.8678     37.26    0.8149     -2.67
    8    1.1913     14.90    0.8667     30.68    0.8098     -2.77
    9    1.1913      5.18    0.8671     23.65    0.8048     -2.84
   10    1.1912     -2.92    0.8689     16.18    0.7999     -2.91
   11    1.1910    -10.81    0.8719      8.30    0.7953     -2.96
   12    1.1903    -19.04    0.8762      0.11    0.7912     -2.99
   13    1.1894    -27.30    0.8817     -8.30    0.7877     -3.01
   14    1.1881    -35.41    0.8881    -16.84    0.7849     -3.02
   15    1.1865    -43.29    0.8954    -25.39    0.7830     -3.01
   16    1.1847    -50.87    0.9033    -33.88    0.7823     -2.98
   17    1.1827    -58.13    0.9118    -42.21    0.7829     -2.93
   18    1.1806    -65.04    0.9207    -50.33    0.7849     -2.95
   19    1.1783    -71.61    0.9298    -58.19    0.7887     -2.95
   20    1.1760    -77.85    0.9390    -65.71    0.7944     -2.92
   21    1.1736    -83.75    0.9482    -72.85    0.8024     -2.86
   22    1.1712    -89.34    0.9572    -79.56    0.8128     -2.76
   23    1.1687    -94.63    0.9660    -85.83    0.8257     -2.63
   24    1.1663    -99.64    0.9747    -91.66    0.8413     -2.48
   25    1.1639   -104.37    0.9833    -97.03    0.8596     -2.28
   26    1.1616   -108.84    0.9917   -101.95    0.8806     -2.04
   27    1.1592   -113.06    1.0001   -106.41    0.9041     -1.73
   28    1.1570   -117.05    1.0085   -110.39    0.9300     -1.38
   29    1.1548   -120.80    1.0170   -113.87    0.9577     -1.09
   30    1.1526   -124.33    1.0255   -116.82    0.9868     -0.90
   31    1.1506   -127.66    1.0342   -119.22    1.0170     -0.70
   32    1.1486   -130.77    1.0431   -121.04    1.0477     -0.48
   33    1.1467   -133.68    1.0524   -122.27    1.0786     -0.27
   34    1.1449   -136.41    1.0622   -122.87    1.1091     -0.04
   35    1.1432   -138.94    1.0725   -122.82    1.1384      0.00
   36    1.1415   -141.30    1.0835   -122.12    1.1668      0.00
   37    1.1400   -143.47    1.0953   -120.75    1.1941      0.00
   38    1.1386   -145.48    1.1079   -118.72    1.2200      0.00
   39    1.1373   -147.32    1.1215   -116.05    1.2445      0.00
   40    1.1361   -148.99    1.1361   -112.75    1.2674      0.00
   41    1.1350   -150.48    1.1516   -108.87    1.2886      0.00
   42    1.1340   -151.79    1.1680   -104.52    1.3082      0.00
   43    1.1332   -152.93    1.1850    -99.81    1.3262      0.00
   44    1.1325   -153.87    1.2025    -94.85    1.3425      0.00
   45    1.1319   -154.63    1.2202    -89.74    1.3574      0.00
   46    1.1315   -155.17    1.2381    -84.58    1.3708      0.00
   47    1.1313   -155.49    1.2560    -79.44    1.3830      0.00
   48    1.1312   -155.56    1.2738    -74.36    1.3939      0.00
   49    1.1313   -155.37    1.2914    -69.39    1.4038      0.00
   50    1.1317   -154.88    1.3087    -64.58    1.4128      0.00
   51    1.1323   -154.07    1.3257    -59.96    1.4210      0.00
   52    1.1332   -152.89    1.3422    -55.59    1.4284      0.00
   53    1.1344   -151.31    1.3581    -51.49    1.4353      0.00
   54    1.1359   -149.28    1.3733    -47.68    1.4417      0.00
   55    1.1377   -146.77    1.3877    -44.18    1.4477      0.00
   56    1.1399   -143.71    1.4014    -41.00    1.4533      0.00
   57    1.1424   -140.06    1.4141    -38.14    1.4588      0.00
   58    1.1453   -135.79    1.4260    -35.58    1.4640      0.00
   59    1.1485   -130.84    1.4370    -33.30    1.4692      0.00
   60    1.1521   -125.19    1.4471    -31.26    1.4742      0.00
   61    1.1559   -118.81    1.4563    -29.45    1.4793      0.00
   62    1.1600   -111.70    1.4646    -27.81    1.4843      0.00
   63    1.1642   -103.82    1.4722    -26.32    1.4894      0.00
   64    1.1685    -95.24    1.4790    -24.93    1.4945      0.00
   65    1.1726    -86.02    1.4849    -23.61    1.4997      0.00
   66    1.1766    -76.23    1.4902    -22.31    1.5049      0.00
   67    1.1803    -65.96    1.4946    -21.01    1.5101      0.00
   68    1.1835    -55.31    1.4984    -19.65    1.5153      0.00
   69    1.1863    -44.43    1.5014    -18.23    1.5205      0.00
   70    1.1884    -33.43    1.5036    -16.69    1.5256      0.00
   71    1.1900    -22.43    1.5052    -15.01    1.5305      0.00
   72    1.1909    -11.58    1.5059    -13.18    1.5353      0.00
   73    1.1912     -1.01    1.5059    -11.16    1.5398      0.00
   74    1.1913      9.07    1.5051     -8.93    1.5440      0.00
   75    1.1913     18.55    1.5035     -6.48    1.5477      0.00
   76    1.1913     27.33    1.5012     -3.81    1.5509      0.00
   77    1.1913     35.41    1.4980     -0.89    1.5536      0.00
   78    1.1913     42.81    1.4941      2.28    1.5556      0.00
   79    1.1913     49.57    1.4894      5.67    1.5568      0.00
   80    1.1913     55.72    1.4839      9.29    1.5571      0.00
   81    1.1913     61.31    1.4777     13.13    1.5565      0.00
   82    1.1913     66.41    1.4709     17.16    1.5549      0.00
   83    1.1913     71.05    1.4634     21.35    1.5522      0.00
   84    1.1913     75.32    1.4553     25.67    1.5483      0.00
   85    1.1913     79.28    1.4466     30.08    1.5432      0.00
   86    1.1913     82.97    1.4376     34.55    1.5368      0.00
   87    1.1913     86.43    1.4281     39.02    1.5291      0.00
   88    1.1913     89.71    1.4182     43.45    1.5200      0.00
   89    1.1913     92.82    1.4081     47.80    1.5096      0.00
   90    1.1913     95.81    1.3978     52.02    1.4979      0.00
   91    1.1913     98.67    1.3873     56.06    1.4850      0.00
   92    1.1913    101.43    1.3766     59.89    1.4709      0.00
   93    1.1913    104.10    1.3659     63.47    1.4557      0.00
   94    1.1913    106.68    1.3551     66.78    1.4395      0.00
   95    1.1913    109.17    1.3442     69.78    1.4224      0.00
   96    1.1913    111.57    1.3332     72.46    1.4046      0.00
   97    1.1913    113.86    1.3222     74.80    1.3861      0.00
   98    1.1913    116.03    1.3111     76.79    1.3672      0.00
   99    1.1913    118.06    1.2999     78.43    1.3479      0.00
  100    1.1913    119.93    1.2887     79.72    1.3284      0.00
  101    1.1913    121.62    1.2774     80.66    1.3089      0.00
  102    1.1913    123.12    1.2660     81.27    1.2894      0.00
  103    1.1913    124.39    1.2545     81.56    1.2701      0.00
  104    1.1913    125.42    1.2430     81.53    1.2510      0.00
  105    1.1913    126.17    1.2315     81.22    1.2324      0.00
  106    1.1913    126.63    1.2199     80.63    1.2143      0.00
  107    1.1913    126.77    1.2083     79.80    1.1968      0.00
  108    1.1913    126.58    1.1967     78.74    1.1799      0.00
  109    1.1913    126.04    1.1851     77.49    1.1637      0.00
  110    1.1913    125.14    1.1735     76.06    1.1482      0.00
  111    1.1913    123.87    1.1621     74.48    1.1334      0.00
  112    1.1913    122.21    1.1507     72.76    1.1193      0.00
  113    1.1913    120.18    1.1394     70.94    1.1060      0.00
  114    1.1913    117.76    1.1283     69.01    1.0934      0.00
  115    1.1913    114.98    1.1174     67.01    1.0815      0.00
  116    1.1913    111.83    1.1067     64.94    1.0702      0.00
  117    1.1913    108.33    1.0963     62.83    1.0597      0.00
  118    1.1913    104.50    1.0861     60.67    1.0497      0.00
  119    1.1913    100.36    1.0763     58.47    1.0403      0.00
  120    1.1913     95.93    1.0669     56.23    1.0315      0.00
  121    1.1913     91.23    1.0579     53.96    1.0232      0.00
  122    1.1913     86.29    1.0493     51.65    1.0153      0.00
  123    1.1913     81.14    1.0412     49.31    1.0079      0.00
  124    1.1913     75.79    1.0336     46.93    1.0009      0.00
  125    1.1913     70.29    1.0266     44.50    0.9942      0.00
  126    1.1913     64.65    1.0201     42.01    0.9879      0.00
  127    1.1913     58.90    1.0142     39.46    0.9819      0.00
  128    1.1913     53.07    1.0090     36.83    0.9762      0.00
  129    1.1913     47.17    1.0043     34.10    0.9708      0.00
  130    1.1913     41.24    1.0003     31.28    0.9657      0.00
  131    1.1913     35.29    0.9970     28.35    0.9609      0.00
  132    1.1913     29.36    0.9943     25.30    0.9564      0.00
  133    1.1913     23.44    0.9923     22.12    0.9522      0.00
  134    1.1913     17.58    0.9909     18.83    0.9483      0.00
  135    1.1913     11.77    0.9902     15.40    0.9449      0.00
  136    1.1913      6.04    0.9901     11.84    0.9418      0.00
  137    1.1913      0.41    0.9906      8.17    0.9392      0.00
  138    1.1912     -4.80    0.9918      4.38    0.9371      0.00
  139    1.1910     -9.83    0.9934      0.49    0.9355      0.00
  140    1.1907    -14.82    0.9957     -3.49    0.9345      0.00
  141    1.1903    -19.72    0.9984     -7.55    0.9341      0.00
  142    1.1897    -24.48    1.0016    -11.67    0.9345      0.00
  143    1.1891    -29.10    1.0052    -15.82    0.9356      0.00
  144    1.1884    -33.55    1.0092    -19.99    0.9375      0.00
  145    1.1876    -37.84    1.0136    -24.14    0.9403      0.00
  146    1.1868    -41.95    1.0183    -28.27    0.9440      0.00
  147    1.1859    -45.89    1.0232    -32.32    0.9486      0.00
  148    1.1850    -49.66    1.0284    -36.28    0.9542      0.00
  149    1.1841    -53.27    1.0338    -40.12    0.9608      0.00
  150    1.1831    -56.71    1.0394    -43.80    0.9684      0.00
  151    1.1822    -60.00    1.0451    -47.30    0.9770      0.00
  152    1.1812    -63.13    1.0509    -50.60    0.9866      0.00
  153    1.1802    -66.11    1.0568    -53.68    0.9972      0.00
  154    1.1793    -68.94    1.0629    -56.52    1.0088      0.00
  155    1.1783    -71.64    1.0690    -59.10    1.0212      0.00
  156    1.1774    -74.19    1.0753    -61.42    1.0344      0.00
  157    1.1765    -76.60    1.0817    -63.47    1.0483      0.00
  158    1.1756    -78.89    1.0882    -65.23    1.0628      0.00
  159    1.1747    -81.04    1.0949    -66.70    1.0779      0.00
  160    1.1739    -83.06    1.1018    -67.88    1.0933      0.00
  161    1.1731    -84.96    1.1088    -68.76    1.1090      0.00
  162    1.1723    -86.72    1.1161    -69.34    1.1247      0.00
  163    1.1716    -88.36    1.1236    -69.62    1.1405      0.00
  164    1.1709    -89.87    1.1314    -69.60    1.1561      0.00
  165    1.1703    -91.24    1.1394    -69.29    1.1714      0.00
  166    1.1698    -92.49    1.1478    -68.71    1.1864      0.00
  167    1.1692    -93.59    1.1564    -67.85    1.2008      0.00
  168    1.1688    -94.56    1.1652    -66.74    1.2148      0.00
  169    1.1684    -95.38    1.1744    -65.39    1.2282      0.00
  170    1.1681    -96.04    1.1838    -63.82    1.2409      0.00
  171    1.1678    -96.54    1.1935    -62.05    1.2530      0.00
  172    1.1677    -96.86    1.2033    -60.11    1.2644      0.00
  173    1.1676    -97.02    1.2133    -58.01    1.2752      0.00
  174    1.1676    -96.98    1.2235    -55.80    1.2853      0.00
  175    1.1677    -96.75    1.2336    -53.50    1.2948      0.00
  176    1.1680    -96.31    1.2438    -51.13    1.3037      0.00
  177    1.1683    -95.65    1.2540    -48.72    1.3121      0.00
  178    1.1687    -94.75    1.2640    -46.31    1.3199      0.00
  179    1.1692    -93.62    1.2739    -43.91    1.3272      0.00
  180    1.1699    -92.22    1.2835    -41.54    1.3341      0.00
  181    1.1706    -90.56    1.2929    -39.23    1.3406      0.00
  182    1.1715    -88.61    1.3019    -36.99    1.3467      0.00
  183    1.1725    -86.36    1.3105    -34.83    1.3524      0.00
  184    1.1736    -83.82    1.3187    -32.75    1.3579      0.00
  185    1.1747    -80.97    1.3265    -30.76    1.3631      0.00
  186    1.1760    -77.81    1.3339    -28.85    1.3680      0.00
  187    1.1773    -74.33    1.3408    -27.03    1.3727      0.00
  188    1.1787    -70.53    1.3472    -25.28    1.3772      0.00
  189    1.1801    -66.43    1.3531    -23.60    1.3814      0.00
  190    1.1815    -62.03    1.3585    -21.98    1.3855      0.00
  191    1.1829    -57.35    1.3634    -20.41    1.3895      0.00
  192    1.1843    -52.41    1.3678    -18.87    1.3932      0.00
  193    1.1856    -47.24    1.3717    -17.34    1.3968      0.00
  194    1.1868    -41.86    1.3751    -15.83    1.4002      0.00
  195    1.1879    -36.31    1.3781    -14.31    1.4033      0.00
  196    1.1889    -30.62    1.3805    -12.77    1.4063      0.00
  197    1.1897    -24.86    1.3824    -11.20    1.4091      0.00
  198    1.1903    -19.05    1.3839     -9.58    1.4116      0.00
  199    1.1908    -13.23    1.3848     -7.91    1.4138      0.00
  200    1.1911     -7.46    1.3853     -6.18    1.4158      0.00
  201    1.1912     -1.77    1.3853     -4.38    1.4175      0.00
  202    1.1913      3.82    1.3848     -2.50    1.4188      0.00
  203    1.1913      9.20    1.3838     -0.54    1.4197      0.00
  204    1.1913     14.36    1.3823      1.50    1.4203      0.00
  205    1.1913     19.28    1.3803      3.62    1.4204      0.00
  206    1.1913     23.96    1.3779      5.82    1.4200      0.00
  207    1.1913     28.39    1.3751      8.10    1.4192      0.00
  208    1.1913     32.59    1.3718     10.44    1.4178      0.00
  209    1.1913     36.54    1.3681     12.85    1.4159      0.00
  210    1.1913     40.27    1.3639     15.31    1.4134      0.00
  211    1.1913     43.79    1.3594     17.82    1.4103      0.00
  212    1.1913     47.09    1.3546     20.34    1.4065      0.00
  213    1.1913     50.20    1.3494     22.88    1.4021      0.00
  214    1.1913     53.13    1.3439     25.42    1.3971      0.00
  215    1.1913     55.89    1.3381     27.94    1.3915      0.00
  216    1.1913     58.48    1.3320     30.41    1.3852      0.00
  217    1.1913     60.93    1.3257     32.83    1.3782      0.00
  218    1.1913     63.23    1.3193     35.17    1.3706      0.00
  219    1.1913     65.40    1.3126     37.41    1.3625      0.00
  220    1.1913     67.44    1.3058     39.53    1.3538      0.00
  221    1.1913     69.36    1.2988     41.53    1.3445      0.00
  222    1.1913     71.15    1.2918     43.39    1.3348      0.00
  223    1.1913     72.81    1.2846     45.10    1.3246      0.00
  224    1.1913     74.36    1.2774     46.64    1.3140      0.00
  225    1.1913     75.78    1.2701     48.01    1.3032      0.00
  226    1.1913     77.07    1.2627     49.20    1.2920      0.00
  227    1.1913     78.24    1.2553     50.21    1.2806      0.00
  228    1.1913     79.26    1.2478     51.05    1.2690      0.00
  229    1.1913     80.14    1.2402     51.70    1.2574      0.00
  230    1.1913     80.87    1.2326     52.17    1.2457      0.00
  231    1.1913     81.44    1.2250     52.47    1.2340      0.00
  232    1.1913     81.84    1.2174     52.59    1.2224      0.00
  233    1.1913     82.07    1.2097     52.55    1.2110      0.00
  234    1.1913     82.13    1.2021     52.34    1.1997      0.00
  235    1.1913     82.00    1.1944     51.99    1.1887      0.00
  236    1.1913     81.68    1.1868     51.49    1.1779      0.00
  237    1.1913     81.16    1.1792     50.86    1.1675      0.00
  238    1.1913     80.44    1.1717     50.10    1.1573      0.00
  239    1.1913     79.52    1.1642     49.23    1.1475      0.00
  240    1.1913     78.39    1.1567     48.25    1.1381      0.00
  241    1.1913     77.06    1.1494     47.17    1.1290      0.00
  242    1.1913     75.53    1.1422     46.00    1.1204      0.00
  243    1.1913     73.79    1.1352     44.75    1.1121      0.00
  244    1.1913     71.85    1.1283     43.42    1.1042      0.00
  245    1.1913     69.71    1.1216     42.03    1.0966      0.00
  246    1.1913     67.39    1.1151     40.57    1.0895      0.00
  247    1.1913     64.89    1.1088     39.06    1.0827      0.00
  248    1.1913     62.21    1.1028     37.49    1.0763      0.00
  249    1.1913     59.37    1.0970     35.88    1.0702      0.00
  250    1.1913     56.38    1.0915     34.22    1.0644      0.00
  251    1.1913     53.25    1.0863     32.51    1.0590      0.00
  252    1.1913     49.99    1.0814     30.76    1.0538      0.00
  253    1.1913     46.61    1.0769     28.96    1.0490      0.00
  254    1.1913     43.13    1.0727     27.12    1.0445      0.00
  255    1.1913     39.56    1.0689     25.23    1.0402      0.00
  256    1.1913     35.91    1.0654     23.30    1.0363      0.00
  257    1.1913     32.20    1.0624     21.32    1.0326      0.00
  258    1.1913     28.44    1.0597     19.28    1.0293      0.00
  259    1.1913     24.65    1.0574     17.20    1.0262      0.00
