  360    0.9628    68.88    0.9073    59.10    0.9892     0.00
  361    0.9620    69.99    0.9149    58.31    0.9963     0.00
  362    0.9611    71.06    0.9227    57.46    1.0032     0.00
  363    0.9602    72.11    0.9307    56.58    1.0100     0.00
  364    0.9594    73.14    0.9389    55.66    1.0167     0.00
  365    0.9586    74.13    0.9471    54.73    1.0233     0.00
  366    0.9578    75.09    0.9554    53.79    1.0297     0.00
  367    0.9570    76.02    0.9638    52.85    1.0361     0.00
  368    0.9562    76.92    0.9721    51.90    1.0423     0.00
  369    0.9555    77.77    0.9804    50.96    1.0485     0.00
  370    0.9547    78.57    0.9888    50.02    1.0546     0.00
  371    0.9541    79.33    0.9970    49.07    1.0606     0.00
  372    0.9534    80.03    1.0053    48.13    1.0666     0.00
  373    0.9529    80.67    1.0136    47.19    1.0725     0.00
  374    0.9523    81.25    1.0218    46.25    1.0783     0.00
  375    0.9519    81.74    1.0299    45.31    1.0841     0.00
  376    0.9515    82.15    1.0380    44.38    1.0899     0.00
  377    0.9512    82.46    1.0460    43.45    1.0956     0.00
  378    0.9510    82.66    1.0540    42.54    1.1013     0.00
  379    0.9510    82.74    1.0618    41.65    1.1070     0.00
  380    0.9510    82.69    1.0694    40.78    1.1127     0.00
  381    0.9512    82.49    1.0769    39.93    1.1184     0.00
  382    0.9515    82.12    1.0843    39.11    1.1241     0.00
  383    0.9520    81.59    1.0914    38.31    1.1298     0.00
  384    0.9527    80.86    1.0984    37.55    1.1355     0.00
  385    0.9535    79.94    1.1051    36.82    1.1413     0.00
  386    0.9545    78.80    1.1117    36.11    1.1470     0.00
  387    0.9557    77.46    1.1180    35.43    1.1527     0.00
  388    0.9571    75.89    1.1242    34.77    1.1584     0.00
  389    0.9586    74.12    1.1302    34.13    1.1641     0.00
  390    0.9602    72.13    1.1359    33.51    1.1698     0.00
  391    0.9620    69.95    1.1415    32.89    1.1754     0.00
  392    0.9638    67.59    1.1469    32.29    1.1810     0.00
  393    0.9657    65.06    1.1520    31.69    1.1866     0.00
  394    0.9677    62.40    1.1570    31.09    1.1921     0.00
  395    0.9696    59.61    1.1618    30.49    1.1976     0.00
  396    0.9715    56.73    1.1664    29.87    1.2030     0.00
  397    0.9734    53.76    1.1707    29.25    1.2083     0.00
  398    0.9752    50.74    1.1748    28.60    1.2136     0.00
  399    0.9769    47.68    1.1787    27.94    1.2188     0.00
  400    0.9785    44.58    1.1824    27.24    1.2239     0.00
  401    0.9801    41.48    1.1858    26.51    1.2289     0.00
  402    0.9815    38.38    1.1889    25.74    1.2338     0.00
  403    0.9828    35.29    1.1918    24.93    1.2387     0.00
  404    0.9840    32.22    1.1943    24.07    1.2434     0.00
  405    0.9851    29.18    1.1965    23.15    1.2481     0.00
  406    0.9860    26.19    1.1984    22.18    1.2526     0.00
  407    0.9869    23.25    1.2000    21.15    1.2571     0.00
  408    0.9876    20.37    1.2012    20.05    1.2614     0.00
  409    0.9882    17.57    1.2021    18.89    1.2657     0.00
  410    0.9887    14.84    1.2027    17.66    1.2698     0.00
  411    0.9891    12.20    1.2029    16.37    1.2738     0.00
  412    0.9895     9.64    1.2028    15.02    1.2777     0.00
  413    0.9897     7.16    1.2024    13.60    1.2815     0.00
  414    0.9899     4.77    1.2018    12.13    1.2851     0.00
  415    0.9900     2.45    1.2008    10.61    1.2885     0.00
  416    0.9900     0.21    1.1996     9.04    1.2918     0.00
  417    0.9900    -1.95    1.1982     7.43    1.2949     0.00
  418    0.9900    -4.03    1.1966     5.78    1.2977     0.00
  419    0.9900    -6.04    1.1947     4.11    1.3004     0.00
  420    0.9900    -7.99    1.1927     2.41    1.3028     0.00
  421    0.9900    -9.87    1.1906     0.69    1.3050     0.00
  422    0.9900   -11.70    1.1883    -1.05    1.3068     0.00
  423    0.9900   -13.47    1.1859    -2.79    1.3084     0.00
  424    0.9900   -15.20    1.1833    -4.54    1.3095     0.00
  425    0.9900   -16.90    1.1807    -6.30    1.3103     0.00
  426    0.9900   -18.55    1.1780    -8.05    1.3107     0.00
  427    0.9900   -20.18    1.1753    -9.79    1.3107     0.00
  428    0.9900   -21.78    1.1725   -11.53    1.3102     0.00
  429    0.9900   -23.35    1.1696   -13.25    1.3092     0.00
  430    0.9900   -24.91    1.1667   -14.95    1.3077     0.00
  431    0.9900   -26.45    1.1638   -16.64    1.3056     0.00
  432    0.9900   -27.97    1.1609   -18.30    1.3031     0.00
  433    0.9900   -29.49    1.1581   -19.93    1.2999     0.00
  434    0.9900   -30.99    1.1552   -21.54    1.2962     0.00
  435    0.9900   -32.48    1.1524   -23.12    1.2920     0.00
  436    0.9900   -33.96    1.1496   -24.67    1.2873     0.00
  437    0.9900   -35.43    1.1468   -26.18    1.2820     0.00
  438    0.9900   -36.89    1.1441   -27.66    1.2763     0.00
  439    0.9900   -38.34    1.1414   -29.10    1.2700     0.00
  440    0.9900   -39.78    1.1387   -30.51    1.2634     0.00
  441    0.9900   -41.21    1.1360   -31.87    1.2564     0.00
  442    0.9900   -42.61    1.1334   -33.18    1.2490     0.00
  443    0.9900   -44.00    1.1308   -34.45    1.2412     0.00
  444    0.9900   -45.36    1.1281   -35.68    1.2332     0.00
  445    0.9900   -46.70    1.1255   -36.86    1.2250     0.00
  446    0.9900   -48.02    1.1229   -37.98    1.2165     0.00
  447    0.9900   -49.31    1.1202   -39.05    1.2078     0.00
  448    0.9900   -50.58    1.1174   -40.07    1.1990     0.00
  449    0.9900   -51.82    1.1146   -41.03    1.1901     0.00
  450    0.9900   -53.03    1.1117   -41.93    1.1810     0.00
  451    0.9900   -54.20    1.1087   -42.77    1.1719     0.00
  452    0.9900   -55.35    1.1056   -43.54    1.1627     0.00
  453    0.9900   -56.48    1.1023   -44.26    1.1535     0.00
  454    0.9900   -57.57    1.0989   -44.92    1.1442     0.00
  455    0.9900   -58.63    1.0953   -45.51    1.1350     0.00
  456    0.9900   -59.65    1.0915   -46.03    1.1259     0.00
  457    0.9900   -60.65    1.0875   -46.49    1.1168     0.00
  458    0.9900   -61.61    1.0833   -46.89    1.1077     0.00
  459    0.9900   -62.54    1.0789   -47.23    1.0988     0.00
  460    0.9900   -63.43    1.0743   -47.51    1.0899     0.00
  461    0.9900   -64.28    1.0696   -47.72    1.0812     0.00
  462    0.9900   -65.09    1.0646   -47.88    1.0726     0.00
  463    0.9900   -65.85    1.0595   -47.99    1.0641     0.00
  464    0.9900   -66.57    1.0542   -48.04    1.0557     0.00
  465    0.9900   -67.23    1.0488   -48.05    1.0475     0.00
  466    0.9900   -67.84    1.0432   -48.01    1.0394     0.00
  467    0.9900   -68.38    1.0375   -47.93    1.0315     0.00
  468    0.9900   -68.86    1.0318   -47.80    1.0238     0.00
  469    0.9900   -69.27    1.0259   -47.64    1.0162     0.00
  470    0.9900   -69.59    1.0200   -47.45    1.0088     0.00
  471    0.9900   -69.84    1.0139   -47.22    1.0016     0.00
  472    0.9900   -69.99    1.0079   -46.96    0.9946     0.00
  473    0.9900   -70.05    1.0018   -46.68    0.9877     0.00
  474    0.9900   -70.02    0.9958   -46.38    0.9810     0.00
  475    0.9900   -69.88    0.9897   -46.04    0.9744     0.00
  476    0.9900   -69.64    0.9836   -45.69    0.9680     0.00
  477    0.9900   -69.29    0.9775   -45.32    0.9618     0.00
  478    0.9900   -68.83    0.9715   -44.92    0.9557     0.00
  479    0.9900   -68.27    0.9655   -44.51    0.9498     0.00
  480    0.9900   -67.60    0.9596   -44.09    0.9439     0.00
  481    0.9900   -66.82    0.9537   -43.65    0.9382     0.00
  482    0.9900   -65.95    0.9478   -43.20    0.9327     0.00
  483    0.9900   -64.99    0.9421   -42.74    0.9272     0.00
  484    0.9900   -63.93    0.9364   -42.26    0.9218     0.00
  485    0.9900   -62.79    0.9308   -41.78    0.9165     0.00
  486    0.9900   -61.57    0.9253   -41.29    0.9113     0.00
  487    0.9900   -60.28    0.9198   -40.79    0.9062     0.00
  488    0.9900   -58.91    0.9145   -40.28    0.9011     0.00
  489    0.9900   -57.49    0.9093   -39.77    0.8961     0.00
  490    0.9900   -56.01    0.9042   -39.24    0.8911     0.00
  491    0.9900   -54.48    0.8993   -38.71    0.8863     0.00
  492    0.9900   -52.91    0.8944   -38.17    0.8815     0.00
  493    0.9900   -51.29    0.8897   -37.62    0.8767     0.00
  494    0.9900   -49.64    0.8852   -37.06    0.8720     0.00
  495    0.9900   -47.96    0.8808   -36.49    0.8673     0.00
  496    0.9900   -46.26    0.8766   -35.90    0.8627     0.00
  497    0.9900   -44.53    0.8726   -35.30    0.8582     0.00
  498    0.9900   -42.78    0.8687   -34.68    0.8537     0.00
  499    0.9900   -41.02    0.8650   -34.03    0.8493     0.00
  500    0.9900   -39.25    0.8616   -33.36    0.8449     0.00
  501    0.9900   -37.47    0.8583   -32.66    0.8406     0.00
  502    0.9900   -35.68    0.8553   -31.93    0.8363     0.00
  503    0.9900   -33.90    0.8525   -31.17    0.8322     0.00
  504    0.9900   -32.11    0.8499   -30.37    0.8280     0.00
  505    0.9900   -30.32    0.8476   -29.52    0.8240     0.00
  506    0.9900   -28.54    0.8455   -28.64    0.8200     0.00
  507    0.9900   -26.77    0.8437   -27.71    0.8161     0.00
  508    0.9900   -25.00    0.8421   -26.72    0.8122     0.00
  509    0.9900   -23.25    0.8407   -25.69    0.8085     0.00
  510    0.9900   -21.51    0.8396   -24.61    0.8048     0.00
  511    0.9900   -19.77    0.8387   -23.48    0.8012     0.00
  512    0.9900   -18.05    0.8381   -22.30    0.7976     0.00
  513    0.9900   -16.34    0.8377   -21.08    0.7942     0.00
  514    0.9900   -14.65    0.8375   -19.80    0.7908     0.00
  515    0.9900   -12.97    0.8374   -18.48    0.7875     0.00
  516    0.9900   -11.32    0.8376   -17.12    0.7844     0.00
  517    0.9900    -9.68    0.8380   -15.72    0.7813     0.00
  518    0.9900    -8.07    0.8385   -14.28    0.7783     0.00
  519    0.9900    -6.47    0.8391   -12.81    0.7755     0.00
  520    0.9900    -4.91    0.8399   -11.32    0.7727     0.00
  521    0.9900    -3.36    0.8408    -9.79    0.7701     0.00
  522    0.9900    -1.84    0.8419    -8.25    0.7677     0.00
  523    0.9900    -0.34    0.8430    -6.69    0.7654     0.00
  524    0.9900     1.13    0.8442    -5.12    0.7632     0.00
  525    0.9900     2.57    0.8455    -3.54    0.7612     0.00
  526    0.9899     3.99    0.8468    -1.95    0.7594     0.00
  527    0.9898     5.38    0.8482    -0.36    0.7578     0.00
  528    0.9897     6.74    0.8496     1.24    0.7565     0.00
  529    0.9896     8.07    0.8511     2.83    0.7554     0.00
  530    0.9895     9.38    0.8526     4.41    0.7545     0.00
  531    0.9893    10.67    0.8541     5.99    0.7539     0.00
  532    0.9892    11.93    0.8556     7.56    0.7537     0.00
  533    0.9890    13.18    0.8572     9.12    0.7537     0.00
  534    0.9888    14.40    0.8587    10.66    0.7541     0.00
  535    0.9886    15.60    0.8603    12.19    0.7548     0.00
  536    0.9884    16.79    0.8618    13.71    0.7559     0.00
  537    0.9881    17.96    0.8634    15.20    0.7574     0.00
  538    0.9879    19.11    0.8649    16.68    0.7593     0.00
  539    0.9876    20.25    0.8664    18.14    0.7616     0.00
  540    0.9874    21.38    0.8679    19.57    0.7643     0.00
  541    0.9871    22.49    0.8694    20.99    0.7675     0.00
  542    0.9868    23.58    0.8709    22.37    0.7710     0.00
  543    0.9865    24.67    0.8724    23.74    0.7749     0.00
  544    0.9862    25.74    0.8738    25.07    0.7792     0.00
  545    0.9859    26.80    0.8752    26.38    0.7839     0.00
  546    0.9855    27.85    0.8766    27.66    0.7890     0.00
  547    0.9852    28.89    0.8780    28.91    0.7944     0.00
  548    0.9848    29.91    0.8794    30.13    0.8002     0.00
  549    0.9845    30.93    0.8807    31.31    0.8062     0.00
  550    0.9841    31.93    0.8820    32.45    0.8125     0.00
  551    0.9837    32.93    0.8834    33.56    0.8190     0.00
  552    0.9834    33.91    0.8847    34.63    0.8258     0.00
  553    0.9830    34.88    0.8860    35.66    0.8327     0.00
  554    0.9826    35.84    0.8874    36.65    0.8398     0.00
  555    0.9822    36.79    0.8887    37.59    0.8470     0.00
  556    0.9818    37.73    0.8902    38.50    0.8543     0.00
  557    0.9814    38.65    0.8916    39.36    0.8618     0.00
  558    0.9810    39.57    0.8931    40.17    0.8692     0.00
  559    0.9806    40.47    0.8947    40.94    0.8768     0.00
  560    0.9801    41.36    0.8964    41.66    0.8843     0.00
  561    0.9797    42.24    0.8982    42.32    0.8919     0.00
  562    0.9793    43.10    0.9001    42.93    0.8994     0.00
  563    0.9789    43.95    0.9022    43.49    0.9070     0.00
  564    0.9784    44.78    0.9044    43.99    0.9145     0.00
  565    0.9780    45.60    0.9067    44.41    0.9220     0.00
  566    0.9776    46.41    0.9092    44.78    0.9294     0.00
  567    0.9772    47.20    0.9119    45.08    0.9367     0.00
  568    0.9767    47.98    0.9147    45.31    0.9440     0.00
  569    0.9763    48.74    0.9178    45.48    0.9512     0.00
  570    0.9759    49.49    0.9211    45.57    0.9583     0.00
  571    0.9755    50.22    0.9246    45.60    0.9653     0.00
  572    0.9751    50.94    0.9283    45.56    0.9722     0.00
  573    0.9747    51.63    0.9322    45.45    0.9790     0.00
  574    0.9743    52.31    0.9363    45.27    0.9856     0.00
  575    0.9739    52.97    0.9407    45.02    0.9921     0.00
  576    0.9735    53.61    0.9453    44.71    0.9984     0.00
  577    0.9731    54.23    0.9500    44.34    1.0046     0.00
  578    0.9727    54.82    0.9550    43.91    1.0107     0.00
  579    0.9724    55.39    0.9601    43.42    1.0167     0.00
  580    0.9720    55.93    0.9654    42.88    1.0225     0.00
  581    0.9717    56.44    0.9708    42.30    1.0282     0.00
  582    0.9714    56.92    0.9764    41.67    1.0338     0.00
  583    0.9711    57.36    0.9821    41.02    1.0392     0.00
  584    0.9708    57.77    0.9878    40.33    1.0446     0.00
  585    0.9706    58.14    0.9937    39.62    1.0498     0.00
  586    0.9704    58.46    0.9996    38.88    1.0550     0.00
  587    0.9702    58.74    1.0055    38.13    1.0600     0.00
  588    0.9700    58.97    1.0115    37.37    1.0650     0.00
  589    0.9699    59.14    1.0174    36.60    1.0698     0.00
  590    0.9698    59.25    1.0233    35.82    1.0746     0.00
  591    0.9698    59.30    1.0293    35.05    1.0793     0.00
  592    0.9698    59.28    1.0351    34.27    1.0839     0.00
  593    0.9699    59.19    1.0410    33.50    1.0885     0.00
  594    0.9700    59.02    1.0467    32.73    1.0929     0.00
  595    0.9702    58.76    1.0524    31.96    1.0973     0.00
  596    0.9704    58.41    1.0580    31.21    1.1017     0.00
  597    0.9707    57.97    1.0635    30.47    1.1060     0.00
  598    0.9710    57.43    1.0689    29.74    1.1102     0.00
  599    0.9715    56.79    1.0742    29.02    1.1144     0.00
  600    0.9719    56.04    1.0793    28.31    1.1185     0.00
  601    0.9725    55.18    1.0844    27.62    1.1225     0.00
  602    0.9731    54.21    1.0893    26.93    1.1265     0.00
  603    0.9738    53.12    1.0940    26.26    1.1304     0.00
  604    0.9745    51.92    1.0986    25.60    1.1343     0.00
  605    0.9753    50.60    1.1030    24.96    1.1381     0.00
  606    0.9761    49.17    1.1073    24.32    1.1419     0.00
  607    0.9769    47.62    1.1114    23.68    1.1456     0.00
  608    0.9778    45.97    1.1154    23.05    1.1492     0.00
  609    0.9787    44.22    1.1192    22.43    1.1528     0.00
  610    0.9797    42.38    1.1228    21.80    1.1563     0.00
  611    0.9806    40.46    1.1263    21.17    1.1598     0.00
  612    0.9815    38.46    1.1295    20.54    1.1632     0.00
  613    0.9824    36.40    1.1326    19.90    1.1665     0.00
  614    0.9832    34.28    1.1355    19.25    1.1698     0.00
  615    0.9840    32.12    1.1382    18.59    1.1730     0.00
  616    0.9848    29.93    1.1407    17.91    1.1762     0.00
  617    0.9856    27.70    1.1430    17.22    1.1793     0.00
  618    0.9863    25.46    1.1451    16.51    1.1823     0.00
  619    0.9869    23.20    1.1469    15.78    1.1853     0.00
  620    0.9875    20.94    1.1486    15.02    1.1881     0.00
  621    0.9880    18.69    1.1500    14.24    1.1910     0.00
  622    0.9884    16.46    1.1512    13.43    1.1937     0.00
  623    0.9888    14.24    1.1522    12.59    1.1963     0.00
  624    0.9892    12.06    1.1530    11.72    1.1989     0.00
  625    0.9894     9.92    1.1535    10.82    1.2014     0.00
  626    0.9896     7.82    1.1538     9.88    1.2037     0.00
  627    0.9898     5.76    1.1538     8.91    1.2060     0.00
  628    0.9899     3.74    1.1537     7.92    1.2081     0.00
  629    0.9900     1.78    1.1533     6.88    1.2102     0.00
  630    0.9900    -0.13    1.1527     5.82    1.2121     0.00
  631    0.9900    -1.99    1.1519     4.73    1.2139     0.00
  632    0.9900    -3.78    1.1508     3.61    1.2155     0.00
  633    0.9900    -5.52    1.1496     2.46    1.2170     0.00
  634    0.9900    -7.20    1.1482     1.29    1.2183     0.00
  635    0.9900    -8.83    1.1467     0.10    1.2195     0.00
  636    0.9900   -10.41    1.1450    -1.12    1.2204     0.00
  637    0.9900   -11.93    1.1431    -2.35    1.2212     0.00
  638    0.9900   -13.41    1.1411    -3.59    1.2217     0.00
  639    0.9900   -14.85    1.1390    -4.85    1.2220     0.00
  640    0.9900   -16.24    1.1368    -6.11    1.2221     0.00
  641    0.9900   -17.60    1.1345    -7.39    1.2220     0.00
  642    0.9900   -18.91    1.1321    -8.66    1.2216     0.00
  643    0.9900   -20.19    1.1296    -9.94    1.2209     0.00
  644    0.9900   -21.44    1.1271   -11.21    1.2199     0.00
  645    0.9900   -22.66    1.1245   -12.48    1.2186     0.00
  646    0.9900   -23.84    1.1219   -13.75    1.2170     0.00
  647    0.9900   -25.00    1.1192   -15.00    1.2151     0.00
  648    0.9900   -26.14    1.1166   -16.24    1.2129     0.00
  649    0.9900   -27.24    1.1139   -17.46    1.2104     0.00
  650    0.9900   -28.33    1.1112   -18.67    1.2076     0.00
  651    0.9900   -29.39    1.1085   -19.86    1.2044     0.00
  652    0.9900   -30.43    1.1059   -21.03    1.2009     0.00
  653    0.9900   -31.44    1.1032   -22.17    1.1971     0.00
  654    0.9900   -32.44    1.1005   -23.28    1.1929     0.00
  655    0.9900   -33.41    1.0979   -24.37    1.1885     0.00
  656    0.9900   -34.36    1.0953   -25.42    1.1838     0.00
  657    0.9900   -35.30    1.0927   -26.45    1.1788     0.00
  658    0.9900   -36.21    1.0901   -27.43    1.1735     0.00
  659    0.9900   -37.10    1.0875   -28.39    1.1680     0.00
  660    0.9900   -37.98    1.0850   -29.30    1.1622     0.00
  661    0.9900   -38.83    1.0824   -30.18    1.1562     0.00
  662    0.9900   -39.67    1.0798   -31.01    1.1501     0.00
  663    0.9900   -40.48    1.0773   -31.81    1.1437     0.00
  664    0.9900   -41.28    1.0747   -32.56    1.1372     0.00
  665    0.9900   -42.06    1.0720   -33.27    1.1306     0.00
  666    0.9900   -42.81    1.0694   -33.94    1.1238     0.00
  667    0.9900   -43.54    1.0667   -34.56    1.1169     0.00
  668    0.9900   -44.25    1.0639   -35.14    1.1100     0.00
  669    0.9900   -44.94    1.0611   -35.67    1.1030     0.00
  670    0.9900   -45.61    1.0582   -36.16    1.0959     0.00
  671    0.9900   -46.25    1.0552   -36.60    1.0888     0.00
  672    0.9900   -46.88    1.0522   -37.00    1.0817     0.00
  673    0.9900   -47.48    1.0491   -37.35    1.0746     0.00
  674    0.9900   -48.05    1.0458   -37.66    1.0676     0.00
  675    0.9900   -48.60    1.0425   -37.92    1.0605     0.00
  676    0.9900   -49.12    1.0391   -38.13    1.0535     0.00
  677    0.9900   -49.61    1.0356   -38.30    1.0465     0.00
  678    0.9900   -50.07    1.0320   -38.42    1.0397     0.00
  679    0.9900   -50.50    1.0283   -38.50    1.0328     0.00
  680    0.9900   -50.89    1.0246   -38.53    1.0261     0.00
  681    0.9900   -51.25    1.0208   -38.52    1.0195     0.00
  682    0.9900   -51.56    1.0168   -38.47    1.0130     0.00
  683    0.9900   -51.84    1.0128   -38.38    1.0065     0.00
  684    0.9900   -52.06    1.0088   -38.26    1.0002     0.00
  685    0.9900   -52.25    1.0046   -38.10    0.9941     0.00
  686    0.9900   -52.38    1.0004   -37.91    0.9880     0.00
  687    0.9900   -52.46    0.9962   -37.68    0.9821     0.00
  688    0.9900   -52.48    0.9919   -37.42    0.9763     0.00
  689    0.9900   -52.45    0.9876   -37.14    0.9707     0.00
  690    0.9900   -52.36    0.9832   -36.83    0.9652     0.00
  691    0.9900   -52.21    0.9789   -36.49    0.9598     0.00
  692    0.9900   -51.99    0.9745   -36.14    0.9545     0.00
  693    0.9900   -51.71    0.9701   -35.76    0.9494     0.00
  694    0.9900   -51.37    0.9657   -35.36    0.9444     0.00
  695    0.9900   -50.96    0.9613   -34.94    0.9396     0.00
  696    0.9900   -50.49    0.9569   -34.51    0.9348     0.00
  697    0.9900   -49.95    0.9526   -34.05    0.9302     0.00
  698    0.9900   -49.34    0.9482   -33.59    0.9256     0.00
  699    0.9900   -48.67    0.9440   -33.11    0.9212     0.00
  700    0.9900   -47.94    0.9397   -32.62    0.9169     0.00
  701    0.9900   -47.14    0.9355   -32.12    0.9127     0.00
  702    0.9900   -46.29    0.9314   -31.61    0.9085     0.00
  703    0.9900   -45.38    0.9274   -31.09    0.9045     0.00
  704    0.9900   -44.41    0.9234   -30.55    0.9008    -0.07
  705    0.9900   -43.39    0.9195   -30.01    0.8977    -0.37
  706    0.9900   -42.32    0.9156   -29.46    0.8947    -0.62
  707    0.9900   -41.20    0.9119   -28.90    0.8919    -0.89
  708    0.9900   -40.05    0.9083   -28.33    0.8892    -1.18
  709    0.9900   -38.86    0.9047   -27.75    0.8866    -1.43
  710    0.9900   -37.62    0.9013   -27.16    0.8840    -1.70
  711    0.9900   -36.36    0.8980   -26.56    0.8815    -1.96
  712    0.9900   -35.07    0.8949   -25.95    0.8790    -2.17
  713    0.9900   -33.75    0.8918   -25.33    0.8767    -2.48
  714    0.9900   -32.39    0.8890   -24.69    0.8744    -2.73
  715    0.9900   -31.00    0.8862   -24.04    0.8719    -2.88
  716    0.9900   -29.59    0.8836   -23.37    0.8696    -3.08
  717    0.9900   -28.17    0.8812   -22.69    0.8668    -3.11
  718    0.9900   -26.73    0.8789   -21.99    0.8633    -2.82
  719    0.9900   -25.27    0.8768   -21.27    0.8590    -2.25
  720    0.9900   -23.81    0.8748   -20.53    0.8532    -1.16
    1    0.9900   -22.34    0.8730   -19.77    0.8463     0.00
    2    0.9900   -20.87    0.8714   -18.98    0.8397     1.67
    3    0.9900   -19.40    0.8700   -18.17    0.8345     2.45
    4    0.9900   -17.92    0.8687   -17.33    0.8289     3.35
    5    0.9900   -16.45    0.8676   -16.47    0.8230     4.45
    6    0.9900   -14.98    0.8668   -15.59    0.8170     5.62
    7    0.9900   -13.52    0.8661   -14.69    0.8109     6.86
    8    0.9900   -12.07    0.8656   -13.79    0.8047     8.16
    9    0.9900   -10.62    0.8655   -12.89    0.7984     9.50
   10    0.9900    -9.19    0.8656   -11.99    0.7920    10.89
   11    0.9900    -7.77    0.8659   -11.11    0.7856    12.29
   12    0.9900    -6.36    0.8666   -10.23    0.7793    13.70
   13    0.9900    -4.96    0.8674    -9.35    0.7731    15.12
   14    0.9900    -3.59    0.8685    -8.47    0.7669    16.53
   15    0.9900    -2.23    0.8697    -7.59    0.7609    17.95
   16    0.9900    -0.89    0.8711    -6.70    0.7549    19.36
   17    0.9900     0.44    0.8727    -5.80    0.7491    20.77
   18    0.9900     1.74    0.8743    -4.88    0.7434    22.19
   19    0.9899     3.01    0.8760    -3.93    0.7378    23.59
   20    0.9899     4.26    0.8777    -2.94    0.7324    24.98
   21    0.9898     5.49    0.8793    -1.88    0.7272    26.35
   22    0.9897     6.69    0.8807    -0.73    0.7222    27.73
   23    0.9896     7.87    0.8817     0.53    0.7172    29.11
   24    0.9895     9.03    0.8823     1.94    0.7124    30.54
   25    0.9894    10.16    0.8824     3.48    0.7078    31.97
   26    0.9893    11.27    0.8821     5.16    0.7033    33.43
   27    0.9891    12.35    0.8815     6.94    0.6989    34.92
   28    0.9890    13.41    0.8806     8.80    0.6946    36.45
   29    0.9888    14.43    0.8795    10.73    0.6904    38.01
   30    0.9886    15.43    0.8782    12.70    0.6864    39.59
   31    0.9884    16.38    0.8767    14.71    0.6827    41.18
   32    0.9883    17.29    0.8752    16.74    0.6791    42.77
   33    0.9881    18.16    0.8735    18.80    0.6758    44.38
   34    0.9879    18.97    0.8717    20.88    0.6727    46.01
   35    0.9877    19.73    0.8699    22.97    0.6698    47.65
   36    0.9876    20.44    0.8679    25.07    0.6672    49.27
   37    0.9874    21.10    0.8658    27.18    0.6674    49.90
   38    0.9873    21.71    0.8637    29.29    0.6638    52.07
   39    0.9871    22.28    0.8615    31.40    0.6609    54.09
   40    0.9870    22.81    0.8592    33.51    0.6586    55.96
   41    0.9869    23.31    0.8568    35.60    0.6568    57.71
   42    0.9867    23.81    0.8545    37.67    0.6554    59.36
   43    0.9866    24.30    0.8521    39.73    0.6545    60.92
   44    0.9864    24.81    0.8496    41.76    0.6540    62.42
   45    0.9863    25.37    0.8472    43.77    0.6537    63.82
   46    0.9861    25.99    0.8447    45.75    0.6538    65.18
   47    0.9859    26.70    0.8422    47.69    0.6543    66.42
   48    0.9856    27.51    0.8397    49.60    0.6560    67.27
   49    0.9853    28.44    0.8372    51.47    0.6583    67.97
   50    0.9850    29.48    0.8347    53.31    0.6606    68.65
   51    0.9846    30.65    0.8323    55.12    0.6635    69.19
   52    0.9841    31.94    0.8297    56.89    0.6667    69.62
   53    0.9836    33.33    0.8272    58.62    0.6703    69.93
   54    0.9830    34.81    0.8246    60.32    0.6742    70.15
   55    0.9824    36.38    0.8220    61.98    0.6785    70.26
   56    0.9817    38.02    0.8194    63.60    0.6830    70.29
   57    0.9809    39.72    0.8167    65.19    0.6878    70.24
   58    0.9801    41.46    0.8139    66.74    0.6927    70.12
   59    0.9792    43.25    0.8111    68.25    0.6979    69.94
   60    0.9783    45.06    0.8082    69.72    0.7032    69.70
   61    0.9773    46.88    0.8053    71.16    0.7086    69.41
   62    0.9763    48.73    0.8024    72.57    0.7140    69.12
   63    0.9753    50.59    0.7996    73.94    0.7195    68.79
   64    0.9742    52.45    0.7967    75.30    0.7250    68.43
   65    0.9730    54.31    0.7940    76.64    0.7307    68.03
   66    0.9719    56.18    0.7913    77.97    0.7363    67.59
   67    0.9707    58.04    0.7887    79.30    0.7420    67.13
   68    0.9694    59.89    0.7863    80.65    0.7477    66.64
   69    0.9681    61.73    0.7842    82.03    0.7534    66.13
   70    0.9668    63.56    0.7822    83.43    0.7590    65.60
   71    0.9655    65.37    0.7804    84.87    0.7647    65.06
   72    0.9641    67.17    0.7790    86.35    0.7703    64.49
   73    0.9628    68.95    0.7777    87.86    0.7759    63.92
   74    0.9614    70.71    0.7768    89.40    0.7814    63.33
   75    0.9600    72.46    0.7760    90.95    0.7869    62.73
   76    0.9585    74.17    0.7756    92.52    0.7923    62.11
   77    0.9571    75.87    0.7754    94.08    0.7977    61.48
   78    0.9557    77.54    0.7754    95.63    0.8029    60.83
   79    0.9542    79.19    0.7757    97.14    0.8080    60.17
   80    0.9527    80.82    0.7762    98.62    0.8131    59.50
   81    0.9513    82.42    0.7770   100.04    0.8180    58.82
   82    0.9498    84.00    0.7780   101.39    0.8228    58.12
   83    0.9483    85.55    0.7793   102.67    0.8276    57.41
   84    0.9468    87.09    0.7808   103.87    0.8322    56.70
   85    0.9453    88.60    0.7826   104.98    0.8367    56.00
   86    0.9438    90.09    0.7847   106.00    0.8411    55.31
   87    0.9423    91.56    0.7870   106.91    0.8454    54.64
   88    0.9409    93.01    0.7896   107.72    0.8496    54.02
   89    0.9394    94.43    0.7926   108.42    0.8537    53.44
   90    0.9379    95.84    0.7958   109.01    0.8578    52.91
   91    0.9364    97.22    0.7993   109.49    0.8619    52.46
   92    0.9349    98.59    0.8031   109.85    0.8660    52.09
   93    0.9334    99.93    0.8072   110.11    0.8701    51.80
   94    0.9319   101.26    0.8116   110.26    0.8742    51.61
   95    0.9305   102.56    0.8162   110.31    0.8785    51.50
   96    0.9290   103.84    0.8211   110.25    0.8828    51.47
   97    0.9276   105.10    0.8262   110.10    0.8873    51.51
   98    0.9261   106.34    0.8316   109.86    0.8919    51.60
   99    0.9247   107.56    0.8371   109.54    0.8967    51.75
  100    0.9233   108.75    0.8429   109.15    0.9017    51.92
  101    0.9218   109.93    0.8488   108.68    0.9069    52.11
  102    0.9204   111.08    0.8549   108.15    0.9122    52.31
  103    0.9191   112.21    0.8611   107.57    0.9177    52.50
  104    0.9177   113.32    0.8674   106.95    0.9234    52.67
  105    0.9163   114.41    0.8738   106.28    0.9292    52.82
  106    0.9150   115.46    0.8803   105.59    0.9352    52.93
  107    0.9137   116.50    0.8868   104.86    0.9413    53.02
  108    0.9124   117.50    0.8933   104.12    0.9475    53.08
  109    0.9112   118.48    0.8999   103.37    0.9539    53.10
  110    0.9099   119.42    0.9065   102.60    0.9603    53.09
  111    0.9087   120.33    0.9130   101.83    0.9668    53.04
  112    0.9076   121.21    0.9195   101.06    0.9734    52.96
  113    0.9065   122.04    0.9259   100.29    0.9801    52.85
  114    0.9054   122.84    0.9323    99.52    0.9868    52.70
  115    0.9044   123.59    0.9386    98.77    0.9936    52.52
  116    0.9035   124.29    0.9449    98.02    1.0003    52.32
  117    0.9026   124.94    0.9510    97.29    1.0071    52.08
  118    0.9018   125.54    0.9570    96.57    1.0140    51.82
  119    0.9011   126.08    0.9629    95.88    1.0208    51.54
  120    0.9004   126.55    0.9687    95.20    1.0276    51.24
  121    0.8999   126.95    0.9744    94.55    1.0344    50.92
  122    0.8994   127.28    0.9799    93.93    1.0412    50.58
  123    0.8991   127.54    0.9852    93.33    1.0480    50.23
  124    0.8988   127.71    0.9904    92.76    1.0547    49.87
  125    0.8987   127.79    0.9954    92.23    1.0614    49.49
  126    0.8987   127.78    1.0002    91.71    1.0681    49.10
  127    0.8989   127.66    1.0049    91.22    1.0747    48.71
  128    0.8992   127.45    1.0093    90.76    1.0813    48.31
  129    0.8996   127.12    1.0137    90.31    1.0879    47.90
  130    0.9002   126.68    1.0179    89.87    1.0944    47.49
  131    0.9010   126.12    1.0220    89.44    1.1009    47.07
  132    0.9019   125.44    1.0260    89.02    1.1074    46.65
  133    0.9030   124.64    1.0299    88.58    1.1138    46.22
  134    0.9043   123.71    1.0338    88.14    1.1201    45.80
  135    0.9057   122.65    1.0376    87.67    1.1264    45.37
  136    0.9072   121.47    1.0414    87.18    1.1327    44.93
  137    0.9090   120.16    1.0452    86.66    1.1389    44.50
  138    0.9108   118.73    1.0490    86.11    1.1451    44.06
  139    0.9128   117.19    1.0528    85.51    1.1512    43.63
  140    0.9149   115.54    1.0566    84.87    1.1573    43.19
  141    0.9171   113.79    1.0605    84.19    1.1633    42.74
  142    0.9194   111.96    1.0643    83.45    1.1693    42.30
  143    0.9217   110.04    1.0683    82.66    1.1752    41.85
  144    0.9241   108.06    1.0722    81.82    1.1811    41.40
  145    0.9265   106.03    1.0761    80.93    1.1869    40.95
  146    0.9289   103.96    1.0801    79.97    1.1927    40.50
  147    0.9313   101.86    1.0840    78.97    1.1984    40.04
  148    0.9336    99.75    1.0879    77.91    1.2041    39.58
  149    0.9359    97.64    1.0918    76.80    1.2097    39.11
  150    0.9382    95.55    1.0956    75.63    1.2153    38.64
  151    0.9404    93.47    1.0993    74.42    1.2208    38.17
  152    0.9425    91.43    1.1030    73.16    1.2262    37.69
  153    0.9445    89.44    1.1066    71.85    1.2316    37.19
  154    0.9464    87.49    1.1100    70.49    1.2369    36.70
  155    0.9483    85.60    1.1133    69.09    1.2422    36.19
  156    0.9500    83.77    1.1165    67.65    1.2474    35.67
  157    0.9516    82.00    1.1196    66.17    1.2526    35.15
  158    0.9532    80.30    1.1225    64.66    1.2577    34.61
  159    0.9547    78.66    1.1252    63.12    1.2627    34.05
  160    0.9561    77.07    1.1279    61.54    1.2676    33.48
  161    0.9574    75.54    1.1303    59.94    1.2725    32.89
  162    0.9586    74.06    1.1326    58.32    1.2773    32.29
  163    0.9598    72.61    1.1348    56.68    1.2821    31.65
  164    0.9610    71.20    1.1369    55.02    1.2868    31.00
  165    0.9621    69.80    1.1388    53.35    1.2914    30.32
  166    0.9632    68.42    1.1407    51.68    1.2959    29.63
  167    0.9643    67.03    1.1424    49.99    1.3003    28.90
  168    0.9653    65.63    1.1441    48.31    1.3046    28.15
  169    0.9663    64.22    1.1457    46.63    1.3089    27.36
  170    0.9674    62.77    1.1472    44.95    1.3131    26.54
  171    0.9684    61.28    1.1487    43.29    1.3172    25.69
  172    0.9695    59.75    1.1502    41.63    1.3212    24.79
  173    0.9706    58.17    1.1517    39.99    1.3251    23.86
  174    0.9716    56.53    1.1532    38.37    1.3289    22.89
  175    0.9727    54.83    1.1547    36.77    1.3327    21.88
  176    0.9738    53.07    1.1562    35.19    1.3363    20.83
  177    0.9749    51.24    1.1577    33.63    1.3399    19.73
  178    0.9760    49.35    1.1593    32.09    1.3437    15.89
  179    0.9771    47.40    1.1610    30.57    1.3482    24.11
  180    0.9781    45.40    1.1626    29.07    1.3516    13.54
  181    0.9792    43.34    1.1643    27.60    1.3544    17.47
  182    0.9802    41.24    1.1660    26.14    1.3587     8.98
  183    0.9812    39.09    1.1678    24.70    1.3617     8.29
  184    0.9821    36.92    1.1696    23.27    1.3658     3.88
  185    0.9830    34.71    1.1714    21.86    1.3696     0.53
  186    0.9839    32.47    1.1733    20.45    1.4023    -0.27
  187    0.9847    30.22    1.1752    19.04    1.4049    -0.26
  188    0.9855    27.95    1.1770    17.63    1.4017    -0.26
  189    0.9862    25.67    1.1789    16.22    1.3970    -0.26
  190    0.9868    23.38    1.1807    14.80    1.3917    -0.25
  191    0.9874    21.10    1.1826    13.36    1.3862    -0.25
  192    0.9880    18.81    1.1844    11.91    1.3920    -2.43
  193    0.9884    16.52    1.1861    10.44    1.3751    -0.24
  194    0.9888    14.25    1.1878     8.95    1.3887    -3.91
  195    0.9892    11.97    1.1895     7.44    1.3910    -5.45
  196    0.9895     9.71    1.1911     5.89    1.3931    -6.91
  197    0.9897     7.45    1.1926     4.32    1.3950    -8.33
  198    0.9898     5.21    1.1941     2.71    1.3967    -9.70
  199    0.9899     2.97    1.1955     1.07    1.3982   -11.03
  200    0.9900     0.74    1.1969    -0.61    1.3995   -12.31
  201    0.9900    -1.48    1.1982    -2.30    1.4005   -13.52
  202    0.9900    -3.67    1.1994    -4.03    1.4014   -14.68
  203    0.9900    -5.85    1.2006    -5.80    1.4021   -15.78
  204    0.9900    -8.00    1.2021    -7.67    1.4025   -16.81
  205    0.9900   -10.14    1.2042    -9.72    1.4027   -17.78
  206    0.9900   -12.26    1.2073   -12.00    1.4026   -18.67
  207    0.9900   -14.36    1.2116   -14.58    1.4021   -19.49
  208    0.9900   -16.44    1.2171   -17.42    1.4013   -20.23
  209    0.9900   -18.52    1.2232   -20.41    1.4001   -20.89
  210    0.9900   -20.59    1.2288   -23.32    1.3984   -21.45
  211    0.9900   -22.65    1.2329   -25.93    1.3962   -21.89
  212    0.9900   -24.71    1.2349   -28.11    1.3933   -22.21
  213    0.9900   -26.77    1.2348   -29.86    1.3897   -22.39
  214    0.9900   -28.84    1.2329   -31.26    1.3847   -22.28
  215    0.9900   -30.91    1.2299   -32.46    1.3785   -21.93
  216    0.9900   -32.98    1.2268   -33.63    1.3719   -21.52
  217    0.9900   -35.07    1.2241   -34.90    1.3644   -20.92
  218    0.9900   -37.17    1.2223   -36.35    1.3564   -20.25
  219    0.9900   -39.29    1.2213   -37.99    1.3484   -19.58
  220    0.9900   -41.43    1.2210   -39.76    1.3396   -18.76
  221    0.9900   -43.59    1.2210   -41.61    1.3301   -17.83
  222    0.9900   -45.76    1.2211   -43.47    1.3201   -16.84
  223    0.9900   -47.96    1.2212   -45.32    1.3093   -15.69
  224    0.9900   -50.23    1.2210   -47.12    1.2989   -14.63
  225    0.9900   -52.63    1.2206   -48.87    1.2886   -13.65
  226    0.9900   -55.26    1.2199   -50.55    1.2777   -12.56
  227    0.9900   -58.23    1.2189   -52.16    1.2677   -11.69
  228    0.9900   -61.63    1.2177   -53.70    1.2576   -10.85
  229    0.9900   -65.47    1.2161   -55.15    1.2470    -9.92
  230    0.9900   -69.57    1.2141   -56.53    1.2379    -9.34
  231    0.9900   -73.65    1.2118   -57.82    1.2284    -8.71
  232    0.9900   -77.35    1.2092   -59.01    1.2188    -8.09
  233    0.9900   -80.41    1.2061   -60.09    1.2102    -7.72
  234    0.9900   -82.73    1.2024   -61.06    1.2014    -7.32
  235    0.9900   -84.40    1.1982   -61.89    1.1928    -6.99
  236    0.9900   -85.62    1.1933   -62.55    1.1846    -6.79
  237    0.9900   -86.66    1.1876   -63.04    1.1764    -6.58
  238    0.9900   -87.73    1.1812   -63.37    1.1679    -6.33
  239    0.9900   -88.99    1.1742   -63.54    1.1592    -6.05
  240    0.9900   -90.48    1.1665   -63.58    1.1504    -5.75
  241    0.9900   -92.19    1.1584   -63.51    1.1414    -5.42
  242    0.9900   -94.03    1.1499   -63.34    1.1323    -5.07
  243    0.9900   -95.92    1.1410   -63.08    1.1231    -4.68
  244    0.9900   -97.78    1.1317   -62.73    1.1137    -4.26
  245    0.9900   -99.55    1.1222   -62.30    1.1042    -3.80
  246    0.9900   -101.20    1.1124   -61.82    1.0948    -3.36
  247    0.9900   -102.70    1.1024   -61.30    1.0860    -3.07
  248    0.9900   -104.03    1.0924   -60.76    1.0771    -2.76
  249    0.9900   -105.20    1.0823   -60.23    1.0682    -2.42
  250    0.9900   -106.19    1.0723   -59.72    1.0592    -2.03
  251    0.9900   -106.99    1.0623   -59.25    1.0501    -1.61
  252    0.9900   -107.57    1.0524   -58.84    1.0413    -1.26
  253    0.9900   -107.93    1.0425   -58.51    1.0330    -1.05
  254    0.9900   -108.02    1.0327   -58.27    1.0248    -0.82
  255    0.9900   -107.82    1.0230   -58.12    1.0165    -0.56
  256    0.9900   -107.31    1.0133   -58.06    1.0083    -0.31
  257    0.9900   -106.49    1.0038   -58.08    1.0002    -0.05
  258    0.9900   -105.37    0.9944   -58.17    0.9929     0.00
  259    0.9900   -103.98    0.9853   -58.31    0.9858     0.00
