  360    0.0000    0.0000
  361    0.0000    0.0000
  362    0.0000    0.0000
  363    0.0000    0.0000
  364    0.0000    0.0000
  365    0.0000    0.0000
  366    0.0000    0.0000
  367    0.0000    0.0000
  368    0.0000    0.0000
  369    0.0000    0.0000
  370    0.0000    0.0000
  371    0.0000    0.0000
  372    0.0000    0.0000
  373    0.0000    0.0000
  374    0.0000    0.0000
  375    0.0000    0.0000
  376    0.0000    0.0000
  377    0.0000    0.0000
  378    0.0000    0.0000
  379    0.0000    0.0000
  380    0.0000    0.0000
  381    0.0000    0.0000
  382    0.0000    0.0000
  383    0.0000    0.0000
  384    0.0000    0.0000
  385    0.0000    0.0000
  386    0.0000    0.0000
  387    0.0000    0.0000
  388    0.0000    0.0000
  389    0.0000    0.0000
  390    0.0000    0.0000
  391    0.0000    0.0000
  392    0.0000    0.0000
  393    0.0000    0.0000
  394    0.0000    0.0000
  395    0.0000    0.0000
  396    0.0000    0.0000
  397    0.0000    0.0000
  398    0.0000    0.0000
  399    0.0000    0.0000
  400    0.0000    0.0000
  401    0.0000    0.0000
  402    0.0000    0.0000
  403    0.0000    0.0000
  404    0.0000    0.0000
  405    0.0000    0.0000
  406    0.0000    0.0000
  407    0.0000    0.0000
  408    0.0000    0.0000
  409    0.0000    0.0000
  410    0.0000    0.0000
  411    0.0000    0.0000
  412    0.0000    0.0000
  413    0.0000    0.0000
  414    0.0000    0.0000
  415    0.0000    0.0000
  416    0.0000    0.0000
  417    0.0000    0.0000
  418    0.0000    0.0000
  419    0.0000    0.0000
  420    0.0000    0.0000
  421    0.0000    0.0000
  422    0.0000    0.0000
  423    0.0000    0.0000
  424    0.0000    0.0000
  425    0.0000    0.0000
  426    0.0000    0.0000
  427    0.0000    0.0000
  428    0.0000    0.0000
  429    0.0000    0.0000
  430    0.0000    0.0000
  431    0.0000    0.0000
  432    0.0000    0.0000
  433    0.0000    0.0000
  434    0.0000    0.0000
  435    0.0000    0.0000
  436    0.0000    0.0000
  437    0.0000    0.0000
  438    0.0000    0.0000
  439    0.0000    0.0000
  440    0.0000    0.0000
  441    0.0000    0.0000
  442    0.0000    0.0000
  443    0.0000    0.0000
  444    0.0000    0.0000
  445    0.0000    0.0000
  446    0.0000    0.0000
  447    0.0000    0.0000
  448    0.0000    0.0000
  449    0.0000    0.0000
  450    0.0000    0.0000
  451    0.0000    0.0000
  452    0.0000    0.0000
  453    0.0000    0.0000
  454    0.0000    0.0000
  455    0.0000    0.0000
  456    0.0000    0.0000
  457    0.0000    0.0000
  458    0.0000    0.0000
  459    0.0000    0.0000
  460    0.0000    0.0000
  461    0.0000    0.0000
  462    0.0000    0.0000
  463    0.0000    0.0000
  464    0.0000    0.0000
  465    0.0000    0.0000
  466    0.0000    0.0000
  467    0.0000    0.0000
  468    0.0000    0.0000
  469    0.0000    0.0000
  470    0.0000    0.0000
  471    0.0000    0.0000
  472    0.0000    0.0000
  473    0.0000    0.0000
  474    0.0000    0.0000
  475    0.0000    0.0000
  476    0.0000    0.0000
  477    0.0000    0.0000
  478    0.0000    0.0000
  479    -0.0000    0.0099
  480    -0.0000    0.0615
  481    -0.0000    0.1123
  482    -0.0000    0.1623
  483    -0.0000    0.2116
  484    -0.0000    0.2602
  485    -0.0000    0.3365
  486    -0.0000    0.4331
  487    -0.0000    0.5283
  488    -0.0000    0.6380
  489    -0.0000    0.7511
  490    -0.0000    0.8625
  491    -0.0000    1.0125
  492    -0.0000    1.1801
  493    -0.0000    1.3453
  494    -0.0000    1.5761
  495    -0.0000    1.8146
  496    -0.0000    2.0524
  497    -0.0000    2.3459
  498    -0.0000    2.6344
  499    -0.0000    2.9286
  500    -0.0000    3.2523
  501    -0.0000    3.5691
  502    -0.0000    3.8982
  503    -0.0000    4.2454
  504    -0.0000    4.5833
  505    -0.0000    4.9488
  506    -0.0000    5.3260
  507    -0.0000    5.6905
  508    -0.0000    6.0253
  509    -0.0000    6.3089
  510    -0.0000    6.5721
  511    -0.0000    6.8498
  512    -0.0000    7.1047
  513    -0.0000    7.3412
  514    -0.0000    7.5722
  515    -0.0000    7.7795
  516    -0.0000    7.9550
  517    -0.0000    8.0951
  518    -0.0000    8.2156
  519    -0.0000    8.3278
  520    -0.0000    8.4924
  521    -0.0000    8.6448
  522    -0.0000    8.7725
  523    -0.0000    8.8762
  524    -0.0000    8.9612
  525    -0.0000    9.0337
  526    -0.0000    9.0910
  527    -0.0000    9.1306
  528    -0.0000    9.1465
  529    -0.0000    9.1456
  530    -0.0000    9.1086
  531    -0.0000    9.0148
  532    -0.0000    8.9105
  533    -0.0000    8.7966
  534    -0.0000    8.6740
  535    -0.0000    8.5436
  536    -0.0000    8.4062
  537    -0.0000    8.2541
  538    -0.0000    8.0671
  539    -0.0000    7.8606
  540    -0.0000    7.6425
  541    -0.0000    7.4159
  542    -0.0000    7.1803
  543    -0.0000    6.9309
  544    -0.0000    6.6757
  545    -0.0000    6.4007
  546    -0.0000    6.1193
  547    -0.0000    5.8278
  548    -0.0000    5.5308
  549    -0.0000    5.2097
  550    -0.0000    4.8686
  551    -0.0000    4.5137
  552    -0.0000    4.1532
  553    -0.0000    3.7899
  554    -0.0000    3.4342
  555    -0.0000    3.0896
  556    -0.0000    2.7605
  557    -0.0000    2.4541
  558    -0.0000    2.1770
  559    -0.0000    1.9327
  560    -0.0000    1.7233
  561    -0.0000    1.5501
  562    -0.0000    1.4107
  563    -0.0000    1.3044
  564    -0.0000    1.2291
  565    -0.0000    1.1821
  566    -0.0000    1.1604
  567    -0.0000    1.1603
  568    -0.0000    1.1782
  569    -0.0000    1.2116
  570    -0.0000    1.2574
  571    -0.0000    1.3159
  572    -0.0000    1.3819
  573    -0.0000    1.4512
  574    -0.0000    1.5224
  575    -0.0000    1.5948
  576    -0.0000    1.6669
  577    -0.0000    1.7379
  578    -0.0000    1.8062
  579    -0.0000    1.8709
  580    -0.0000    1.9316
  581    -0.0000    1.9876
  582    -0.0000    2.0367
  583    -0.0000    2.0797
  584    -0.0000    2.1160
  585    -0.0000    2.1444
  586    -0.0000    2.1654
  587    -0.0000    2.1782
  588    -0.0000    2.1821
  589    -0.0000    2.1771
  590    -0.0000    2.1623
  591    -0.0000    2.1366
  592    -0.0000    2.0997
  593    -0.0000    2.0490
  594    -0.0000    1.9835
  595    -0.0000    1.9017
  596    -0.0000    1.7991
  597    -0.0000    1.6733
  598    -0.0000    1.5187
  599    -0.0000    1.3291
  600    -0.0000    1.0976
  601    -0.0000    0.8137
  602    -0.0000    0.4670
  603    -0.0000    0.0068
  604    -0.0000    -0.7183
  605    -0.0000    -1.0582
  606    -0.0000    -1.4566
  607    -0.0000    -1.8461
  608    -0.0000    -2.1997
  609    -0.0000    -2.5007
  610    -0.0000    -2.7320
  611    -0.0000    -2.8903
  612    -0.0000    -2.9747
  613    -0.0000    -2.9873
  614    -0.0000    -2.9347
  615    -0.0000    -2.8266
  616    -0.0000    -2.6705
  617    -0.0000    -2.4771
  618    -0.0000    -2.2567
  619    -0.0000    -2.0159
  620    -0.0000    -1.7616
  621    -0.0000    -1.4992
  622    -0.0000    -1.2339
  623    -0.0000    -0.9709
  624    -0.0000    -0.7135
  625    -0.0000    -0.4652
  626    -0.0000    -0.2285
  627    -0.0000    -0.0207
  628    -0.0000    0.2026
  629    -0.0000    0.3864
  630    -0.0000    0.5551
  631    -0.0000    0.7093
  632    -0.0000    0.8498
  633    -0.0000    0.9766
  634    -0.0000    1.0906
  635    -0.0000    1.1924
  636    -0.0000    1.2815
  637    -0.0000    1.3591
  638    -0.0000    1.4257
  639    -0.0000    1.4811
  640    -0.0000    1.5265
  641    -0.0000    1.5618
  642    -0.0000    1.5872
  643    -0.0000    1.6042
  644    -0.0000    1.6130
  645    -0.0000    1.6143
  646    -0.0000    1.6097
  647    -0.0000    1.6015
  648    -0.0000    1.5872
  649    -0.0000    1.5679
  650    -0.0000    1.5438
  651    -0.0000    1.5163
  652    -0.0000    1.4858
  653    -0.0000    1.4526
  654    -0.0000    1.4187
  655    -0.0000    1.3845
  656    -0.0000    1.3506
  657    -0.0000    1.3187
  658    -0.0000    1.2900
  659    -0.0000    1.2658
  660    -0.0000    1.2458
  661    -0.0000    1.2299
  662    -0.0000    1.2180
  663    -0.0000    1.2125
  664    -0.0000    1.2128
  665    -0.0000    1.2193
  666    -0.0000    1.2326
  667    -0.0000    1.2524
  668    -0.0000    1.2780
  669    -0.0000    1.3097
  670    -0.0000    1.3464
  671    -0.0000    1.3884
  672    -0.0000    1.4349
  673    -0.0000    1.4839
  674    -0.0000    1.5363
  675    -0.0000    1.5909
  676    -0.0000    1.6470
  677    -0.0000    1.7024
  678    -0.0000    1.7529
  679    -0.0000    1.7973
  680    -0.0000    1.8346
  681    -0.0000    1.8745
  682    -0.0000    1.9396
  683    -0.0000    1.9884
  684    -0.0000    2.0210
  685    -0.0000    2.0374
  686    -0.0000    2.0373
  687    -0.0000    2.0215
  688    -0.0000    1.9921
  689    -0.0000    1.9503
  690    -0.0000    1.8961
  691    -0.0000    1.8323
  692    -0.0000    1.7610
  693    -0.0000    1.6846
  694    -0.0000    1.6037
  695    -0.0000    1.5195
  696    -0.0000    1.4332
  697    -0.0000    1.3481
  698    -0.0000    1.2641
  699    -0.0000    1.1809
  700    -0.0000    1.0989
  701    -0.0000    2.0731
  702    -0.0000    1.2132
  703    -0.0000    1.0400
  704    -0.0012    0.9016
  705    -0.0062    0.7876
  706    -0.0106    0.6906
  707    -0.0153    0.6072
  708    -0.0205    0.5284
  709    -0.0250    0.4576
  710    -0.0298    0.3955
  711    -0.0345    0.3389
  712    -0.0383    0.2887
  713    -0.0440    0.2439
  714    -0.0486    0.2021
  715    -0.0513    0.1661
  716    -0.0552    0.1333
  717    -0.0558    0.1019
  718    -0.0508    0.0729
  719    -0.0406    0.0461
  720    -0.0209    0.0209
    1    -0.0000    -0.0000
    2    0.0300    -0.0184
    3    0.0443    -0.0240
    4    0.0607    -0.0291
    5    0.0817    -0.0330
    6    0.1044    -0.0355
    7    0.1295    -0.0375
    8    0.1568    -0.0388
    9    0.1852    -0.0396
   10    0.2160    -0.0404
   11    0.2486    -0.0409
   12    0.2830    -0.0411
   13    0.3194    -0.0412
   14    0.3578    -0.0412
   15    0.3981    -0.0410
   16    0.4405    -0.0406
   17    0.4849    -0.0400
   18    0.5314    -0.0403
   19    0.5794    -0.0404
   20    0.6291    -0.0402
   21    0.6802    -0.0397
   22    0.7329    -0.0387
   23    0.7876    -0.0373
   24    0.8449    -0.0356
   25    0.9038    -0.0334
   26    0.9648    -0.0303
   27    1.0280    -0.0262
   28    1.0935    -0.0214
   29    1.1611    -0.0173
   30    1.2305    -0.0146
   31    1.3009    -0.0116
   32    1.3724    -0.0082
   33    1.4454    -0.0046
   34    1.5196    -0.0008
   35    1.5948    -0.0000
   36    1.6698    -0.0000
   37    1.7154    -0.0000
   38    1.8079    -0.0000
   39    1.8967    -0.0000
   40    1.9810    -0.0000
   41    2.0620    -0.0000
   42    2.1410    -0.0000
   43    2.2166    -0.0000
   44    2.2904    -0.0000
   45    2.3612    -0.0000
   46    2.4311    -0.0000
   47    2.5065    -0.0000
   48    2.6163    -0.0000
   49    2.7210    -0.0000
   50    2.8241    -0.0000
   51    2.9238    -0.0000
   52    3.0230    -0.0000
   53    3.1217    -0.0000
   54    3.2176    -0.0000
   55    3.3121    -0.0000
   56    3.4047    -0.0000
   57    3.4944    -0.0000
   58    3.5799    -0.0000
   59    3.6627    -0.0000
   60    3.7430    -0.0000
   61    3.8190    -0.0000
   62    3.8948    -0.0000
   63    3.9675    -0.0000
   64    4.0347    -0.0000
   65    4.0996    -0.0000
   66    4.1612    -0.0000
   67    4.2193    -0.0000
   68    4.2751    -0.0000
   69    4.3258    -0.0000
   70    4.3731    -0.0000
   71    4.4182    -0.0000
   72    4.4577    -0.0000
   73    4.4946    -0.0000
   74    4.5292    -0.0000
   75    4.5596    -0.0000
   76    4.5876    -0.0000
   77    4.6106    -0.0000
   78    4.6255    -0.0000
   79    4.6382    -0.0000
   80    4.6486    -0.0000
   81    4.6577    -0.0000
   82    4.6639    -0.0000
   83    4.6651    -0.0000
   84    4.6612    -0.0000
   85    4.6563    -0.0000
   86    4.6497    -0.0000
   87    4.6430    -0.0000
   88    4.6380    -0.0000
   89    4.6343    -0.0000
   90    4.6343    -0.0000
   91    4.6392    -0.0000
   92    4.6456    -0.0000
   93    4.6595    -0.0000
   94    4.6810    -0.0000
   95    4.7091    -0.0000
   96    4.7450    -0.0000
   97    4.7869    -0.0000
   98    4.8341    -0.0000
   99    4.8863    -0.0000
  100    4.9388    -0.0000
  101    4.9924    -0.0000
  102    5.0474    -0.0000
  103    5.1008    -0.0000
  104    5.1535    -0.0000
  105    5.2041    -0.0000
  106    5.2487    -0.0000
  107    5.2912    -0.0000
  108    5.3308    -0.0000
  109    5.3644    -0.0000
  110    5.3948    -0.0000
  111    5.4214    -0.0000
  112    5.4432    -0.0000
  113    5.4616    -0.0000
  114    5.4748    -0.0000
  115    5.4825    -0.0000
  116    5.4871    -0.0000
  117    5.4859    -0.0000
  118    5.4805    -0.0000
  119    5.4723    -0.0000
  120    5.4580    -0.0000
  121    5.4409    -0.0000
  122    5.4214    -0.0000
  123    5.3980    -0.0000
  124    5.3728    -0.0000
  125    5.3446    -0.0000
  126    5.3122    -0.0000
  127    5.2784    -0.0000
  128    5.2413    -0.0000
  129    5.2013    -0.0000
  130    5.1603    -0.0000
  131    5.1170    -0.0000
  132    5.0724    -0.0000
  133    5.0266    -0.0000
  134    4.9773    -0.0000
  135    4.9273    -0.0000
  136    4.8767    -0.0000
  137    4.8217    -0.0000
  138    4.7659    -0.0000
  139    4.7096    -0.0000
  140    4.6510    -0.0000
  141    4.5921    -0.0000
  142    4.5317    -0.0000
  143    4.4684    -0.0000
  144    4.4048    -0.0000
  145    4.3392    -0.0000
  146    4.2714    -0.0000
  147    4.2035    -0.0000
  148    4.1327    -0.0000
  149    4.0608    -0.0000
  150    3.9885    -0.0000
  151    3.9143    -0.0000
  152    3.8396    -0.0000
  153    3.7636    -0.0000
  154    3.6845    -0.0000
  155    3.6049    -0.0000
  156    3.5236    -0.0000
  157    3.4401    -0.0000
  158    3.3555    -0.0000
  159    3.2692    -0.0000
  160    3.1817    -0.0000
  161    3.0931    -0.0000
  162    3.0043    -0.0000
  163    2.9145    -0.0000
  164    2.8238    -0.0000
  165    2.7280    -0.0000
  166    2.6300    -0.0000
  167    2.5312    -0.0000
  168    2.4287    -0.0000
  169    2.3249    -0.0000
  170    2.2204    -0.0000
  171    2.1159    -0.0000
  172    2.0104    -0.0000
  173    1.9032    -0.0000
  174    1.7947    -0.0000
  175    1.6853    -0.0000
  176    1.5752    -0.0000
  177    1.4649    -0.0000
  178    1.4534    -0.0000
  179    1.4440    -0.0000
  180    1.3040    -0.0000
  181    1.0182    -0.0000
  182    1.0427    -0.0000
  183    0.9740    -0.0000
  184    0.8993    -0.0000
  185    0.4773    -0.0000
  186    -0.0177    -0.0000
  187    -0.0175    -0.0000
  188    -0.0173    -0.0000
  189    -0.0171    -0.0000
  190    -0.0168    -0.0000
  191    -0.0164    -0.0000
  192    -0.1618    -0.0000
  193    -0.0157    -0.0000
  194    -0.2614    -0.0000
  195    -0.3648    -0.0000
  196    -0.4627    -0.0000
  197    -0.5582    -0.0000
  198    -0.6509    -0.0000
  199    -0.7406    -0.0000
  200    -0.8265    -0.0000
  201    -0.9084    -0.0000
  202    -0.9864    -0.0000
  203    -1.0600    -0.0000
  204    -1.1292    -0.0000
  205    -1.1936    -0.0000
  206    -1.2530    -0.0000
  207    -1.3071    -0.0000
  208    -1.3553    -0.0000
  209    -1.3974    -0.0000
  210    -1.4321    -0.0000
  211    -1.4588    -0.0000
  212    -1.4762    -0.0000
  213    -1.4833    -0.0000
  214    -1.4697    -0.0000
  215    -1.4395    -0.0000
  216    -1.4046    -0.0000
  217    -1.3569    -0.0000
  218    -1.3042    -0.0000
  219    -1.2526    -0.0000
  220    -1.1913    -0.0000
  221    -1.1229    -0.0000
  222    -1.0509    -0.0000
  223    -0.9702    -0.0000
  224    -0.8963    -0.0000
  225    -0.8285    -0.0000
  226    -0.7547    -0.0000
  227    -0.6958    -0.0000
  228    -0.6394    -0.0000
  229    -0.5785    -0.0000
  230    -0.5396    -0.0000
  231    -0.4986    -0.0000
  232    -0.4585    -0.0000
  233    -0.4339    -0.0000
  234    -0.4075    -0.0000
  235    -0.3852    -0.0000
  236    -0.3711    -0.0000
  237    -0.3560    -0.0000
  238    -0.3393    -0.0000
  239    -0.3214    -0.0000
  240    -0.3024    -0.0000
  241    -0.2821    -0.0000
  242    -0.2608    -0.0000
  243    -0.2382    -0.0000
  244    -0.2144    -0.0000
  245    -0.1894    -0.0000
  246    -0.1652    -0.0000
  247    -0.1493    -0.0000
  248    -0.1328    -0.0000
  249    -0.1153    -0.0000
  250    -0.0955    -0.0000
  251    -0.0751    -0.0000
  252    -0.0581    -0.0000
  253    -0.0476    -0.0000
  254    -0.0368    -0.0000
  255    -0.0256    -0.0000
  256    -0.0142    -0.0000
  257    -0.0025    -0.0000
  258    -0.0025    -0.0000
  259    -0.0025    -0.0000
