  360    55.1302
  361    57.1591
  362    59.0766
  363    60.8682
  364    62.5216
  365    64.0258
  366    65.3722
  367    66.5541
  368    67.5667
  369    68.4074
  370    69.0751
  371    69.5709
  372    69.8972
  373    70.0578
  374    70.0578
  375    69.9035
  376    69.6018
  377    69.1605
  378    68.5876
  379    67.8918
  380    67.0819
  381    66.1665
  382    65.1546
  383    64.0548
  384    62.8757
  385    61.6254
  386    60.3120
  387    58.9430
  388    57.5257
  389    56.0671
  390    54.5736
  391    53.0504
  392    51.5018
  393    49.9324
  394    48.2701
  395    46.6683
  396    45.1257
  397    43.6410
  398    42.2125
  399    40.8388
  400    39.5183
  401    38.2491
  402    37.0295
  403    35.8580
  404    34.7327
  405    33.6519
  406    32.6140
  407    31.6172
  408    30.6600
  409    29.7408
  410    28.8581
  411    28.0103
  412    27.1960
  413    26.4138
  414    25.6623
  415    24.9403
  416    24.2466
  417    23.5798
  418    22.9388
  419    22.3226
  420    21.7301
  421    21.1602
  422    20.6120
  423    20.0846
  424    19.5770
  425    19.0885
  426    18.6181
  427    18.1652
  428    17.7289
  429    17.3087
  430    16.9037
  431    16.5134
  432    16.1372
  433    15.7744
  434    15.4245
  435    15.0869
  436    14.7612
  437    14.4469
  438    14.1435
  439    13.8505
  440    13.5676
  441    13.2943
  442    13.0302
  443    12.7750
  444    12.5283
  445    12.2898
  446    12.0592
  447    11.8361
  448    11.6203
  449    11.4115
  450    11.2094
  451    11.0138
  452    10.8244
  453    10.6410
  454    10.4633
  455    10.2912
  456    10.1244
  457    9.9628
  458    9.8061
  459    9.6542
  460    9.5069
  461    9.3641
  462    9.2255
  463    9.0911
  464    8.9607
  465    8.8341
  466    8.7112
  467    8.5919
  468    8.4761
  469    8.3637
  470    8.2544
  471    8.1483
  472    8.0452
  473    7.9451
  474    7.8478
  475    7.7532
  476    7.6580
  477    7.5824
  478    7.5090
  479    7.4376
  480    7.3682
  481    7.3000
  482    7.2329
  483    7.1669
  484    7.1020
  485    7.0383
  486    6.9752
  487    6.9123
  488    6.8499
  489    6.7874
  490    6.7251
  491    6.6627
  492    6.5999
  493    6.5363
  494    6.4719
  495    6.4060
  496    6.3382
  497    6.2688
  498    6.1970
  499    6.1228
  500    6.0463
  501    5.9670
  502    5.8851
  503    5.8005
  504    5.7129
  505    5.6226
  506    5.5292
  507    5.4326
  508    5.3330
  509    5.2308
  510    5.1268
  511    5.0213
  512    4.9140
  513    4.8052
  514    4.6953
  515    4.5842
  516    4.4724
  517    4.3601
  518    4.2479
  519    4.1359
  520    4.0242
  521    3.9122
  522    3.8001
  523    3.6880
  524    3.5764
  525    3.4654
  526    3.3551
  527    3.2457
  528    3.1373
  529    3.0303
  530    2.9247
  531    2.8209
  532    2.7195
  533    2.6206
  534    2.5242
  535    2.4303
  536    2.3390
  537    2.2503
  538    2.1642
  539    2.0812
  540    2.0012
  541    1.9244
  542    1.8508
  543    1.7803
  544    1.7131
  545    1.6491
  546    1.5884
  547    1.5311
  548    1.4772
  549    1.4266
  550    1.3794
  551    1.3359
  552    1.2960
  553    1.2598
  554    1.2271
  555    1.1979
  556    1.1721
  557    1.1493
  558    1.1295
  559    1.1123
  560    1.0973
  561    1.0844
  562    1.0731
  563    1.0631
  564    1.0542
  565    1.0460
  566    1.0384
  567    1.0311
  568    1.0239
  569    1.0167
  570    1.0093
  571    1.0016
  572    0.9935
  573    0.9849
  574    0.9758
  575    0.9662
  576    0.9560
  577    0.9453
  578    0.9340
  579    0.9223
  580    0.9100
  581    0.8972
  582    0.8840
  583    0.8705
  584    0.8566
  585    0.8424
  586    0.8281
  587    0.8136
  588    0.7990
  589    0.7844
  590    0.7699
  591    0.7555
  592    0.7414
  593    0.7277
  594    0.7144
  595    0.7017
  596    0.6897
  597    0.6787
  598    0.6689
  599    0.6604
  600    0.6537
  601    0.6491
  602    0.6472
  603    0.6486
  604    0.6543
  605    0.6669
  606    0.6830
  607    0.7033
  608    0.7279
  609    0.7565
  610    0.7888
  611    0.8244
  612    0.8626
  613    0.9028
  614    0.9443
  615    0.9866
  616    1.0289
  617    1.0707
  618    1.1117
  619    1.1513
  620    1.1893
  621    1.2255
  622    1.2596
  623    1.2914
  624    1.3209
  625    1.3481
  626    1.3728
  627    1.3953
  628    1.4156
  629    1.4336
  630    1.4497
  631    1.4640
  632    1.4766
  633    1.4876
  634    1.4971
  635    1.5054
  636    1.5124
  637    1.5184
  638    1.5235
  639    1.5277
  640    1.5312
  641    1.5342
  642    1.5368
  643    1.5391
  644    1.5412
  645    1.5432
  646    1.5454
  647    1.5477
  648    1.5502
  649    1.5531
  650    1.5564
  651    1.5603
  652    1.5648
  653    1.5700
  654    1.5760
  655    1.5828
  656    1.5904
  657    1.5990
  658    1.6084
  659    1.6187
  660    1.6297
  661    1.6414
  662    1.6538
  663    1.6667
  664    1.6800
  665    1.6935
  666    1.7071
  667    1.7205
  668    1.7337
  669    1.7462
  670    1.7580
  671    1.7687
  672    1.7781
  673    1.7859
  674    1.7920
  675    1.7960
  676    1.7976
  677    1.7967
  678    1.7931
  679    1.7866
  680    1.7774
  681    1.7653
  682    1.7503
  683    1.7310
  684    1.7077
  685    1.6810
  686    1.6512
  687    1.6189
  688    1.5845
  689    1.5486
  690    1.5117
  691    1.4743
  692    1.4368
  693    1.3997
  694    1.3633
  695    1.3278
  696    1.2935
  697    1.2607
  698    1.2294
  699    1.1997
  700    1.1716
  701    1.2035
  702    1.1674
  703    1.1245
  704    1.0892
  705    1.0595
  706    1.0341
  707    1.0121
  708    0.9927
  709    0.9757
  710    0.9607
  711    0.9473
  712    0.9351
  713    0.9239
  714    0.9133
  715    0.9030
  716    0.8929
  717    0.8828
  718    0.8728
  719    0.8631
  720    0.8540
    1    0.8460
    2    0.8390
    3    0.8334
    4    0.8272
    5    0.8208
    6    0.8141
    7    0.8074
    8    0.8005
    9    0.7937
   10    0.7868
   11    0.7800
   12    0.7733
   13    0.7667
   14    0.7602
   15    0.7538
   16    0.7475
   17    0.7414
   18    0.7354
   19    0.7296
   20    0.7240
   21    0.7186
   22    0.7133
   23    0.7082
   24    0.7032
   25    0.6984
   26    0.6938
   27    0.6894
   28    0.6851
   29    0.6810
   30    0.6770
   31    0.6733
   32    0.6699
   33    0.6667
   34    0.6638
   35    0.6610
   36    0.6587
   37    0.6594
   38    0.6557
   39    0.6527
   40    0.6503
   41    0.6486
   42    0.6473
   43    0.6465
   44    0.6461
   45    0.6460
   46    0.6463
   47    0.6468
   48    0.6477
   49    0.6492
   50    0.6512
   51    0.6536
   52    0.6565
   53    0.6597
   54    0.6634
   55    0.6673
   56    0.6715
   57    0.6760
   58    0.6808
   59    0.6857
   60    0.6908
   61    0.6961
   62    0.7015
   63    0.7070
   64    0.7126
   65    0.7182
   66    0.7240
   67    0.7297
   68    0.7355
   69    0.7413
   70    0.7471
   71    0.7529
   72    0.7587
   73    0.7644
   74    0.7701
   75    0.7757
   76    0.7813
   77    0.7868
   78    0.7922
   79    0.7976
   80    0.8028
   81    0.8079
   82    0.8130
   83    0.8179
   84    0.8227
   85    0.8275
   86    0.8321
   87    0.8365
   88    0.8409
   89    0.8452
   90    0.8495
   91    0.8537
   92    0.8578
   93    0.8620
   94    0.8662
   95    0.8704
   96    0.8748
   97    0.8792
   98    0.8838
   99    0.8885
  100    0.8934
  101    0.8984
  102    0.9037
  103    0.9091
  104    0.9146
  105    0.9204
  106    0.9263
  107    0.9323
  108    0.9385
  109    0.9448
  110    0.9512
  111    0.9577
  112    0.9642
  113    0.9709
  114    0.9776
  115    0.9844
  116    0.9912
  117    0.9980
  118    1.0049
  119    1.0118
  120    1.0187
  121    1.0255
  122    1.0324
  123    1.0392
  124    1.0461
  125    1.0529
  126    1.0597
  127    1.0664
  128    1.0731
  129    1.0798
  130    1.0864
  131    1.0930
  132    1.0996
  133    1.1061
  134    1.1126
  135    1.1190
  136    1.1254
  137    1.1317
  138    1.1380
  139    1.1442
  140    1.1504
  141    1.1565
  142    1.1626
  143    1.1687
  144    1.1747
  145    1.1806
  146    1.1865
  147    1.1923
  148    1.1981
  149    1.2039
  150    1.2096
  151    1.2152
  152    1.2208
  153    1.2263
  154    1.2317
  155    1.2371
  156    1.2425
  157    1.2478
  158    1.2530
  159    1.2582
  160    1.2633
  161    1.2683
  162    1.2732
  163    1.2781
  164    1.2830
  165    1.2878
  166    1.2925
  167    1.2971
  168    1.3016
  169    1.3061
  170    1.3104
  171    1.3147
  172    1.3189
  173    1.3230
  174    1.3270
  175    1.3310
  176    1.3348
  177    1.3385
  178    1.3422
  179    1.3460
  180    1.3500
  181    1.3538
  182    1.3571
  183    1.3606
  184    1.3642
  185    1.3677
  186    1.3705
  187    1.3722
  188    1.3740
  189    1.3761
  190    1.3784
  191    1.3808
  192    1.3834
  193    1.3859
  194    1.3889
  195    1.3914
  196    1.3938
  197    1.3961
  198    1.3983
  199    1.4004
  200    1.4024
  201    1.4044
  202    1.4064
  203    1.4083
  204    1.4101
  205    1.4120
  206    1.4139
  207    1.4158
  208    1.4177
  209    1.4197
  210    1.4218
  211    1.4239
  212    1.4262
  213    1.4287
  214    1.4313
  215    1.4342
  216    1.4375
  217    1.4411
  218    1.4450
  219    1.4494
  220    1.4542
  221    1.4595
  222    1.4652
  223    1.4714
  224    1.4782
  225    1.4856
  226    1.4934
  227    1.5018
  228    1.5107
  229    1.5202
  230    1.5302
  231    1.5406
  232    1.5516
  233    1.5631
  234    1.5751
  235    1.5876
  236    1.6005
  237    1.6139
  238    1.6279
  239    1.6423
  240    1.6573
  241    1.6728
  242    1.6889
  243    1.7056
  244    1.7229
  245    1.7408
  246    1.7595
  247    1.7788
  248    1.7988
  249    1.8195
  250    1.8409
  251    1.8631
  252    1.8861
  253    1.9099
  254    1.9345
  255    1.9600
  256    1.9863
  257    2.0135
  258    2.0417
  259    2.0707
