  360    1549.43    0.00004863927
  361    1610.11    0.00004867753
  362    1670.81    0.00004879229
  363    1731.33    0.00004898351
  364    1791.47    0.00004925108
  365    1851.06    0.00004959487
  366    1909.90    0.00005001474
  367    1967.84    0.00005051046
  368    2024.69    0.00005108180
  369    2080.29    0.00005172850
  370    2134.49    0.00005245024
  371    2187.14    0.00005324667
  372    2238.07    0.00005411741
  373    2287.16    0.00005506205
  374    2334.27    0.00005608013
  375    2379.25    0.00005717117
  376    2421.99    0.00005833465
  377    2462.35    0.00005957001
  378    2500.23    0.00006087666
  379    2535.51    0.00006225398
  380    2568.08    0.00006370131
  381    2597.84    0.00006521797
  382    2624.70    0.00006680324
  383    2648.56    0.00006845637
  384    2669.34    0.00007017656
  385    2686.97    0.00007196302
  386    2701.37    0.00007381489
  387    2712.48    0.00007573130
  388    2720.25    0.00007771135
  389    2724.64    0.00007975412
  390    2725.65    0.00008185864
  391    2717.76    0.00008402392
  392    2703.36    0.00008624896
  393    2688.78    0.00008853272
  394    2694.19    0.00009087414
  395    2678.13    0.00009327212
  396    2662.25    0.00009572557
  397    2646.55    0.00009823334
  398    2631.03    0.00010079428
  399    2615.70    0.00010340722
  400    2600.55    0.00010607095
  401    2585.59    0.00010878427
  402    2570.82    0.00011154593
  403    2556.24    0.00011435469
  404    2541.85    0.00011720927
  405    2527.64    0.00012010838
  406    2513.63    0.00012305073
  407    2499.80    0.00012603499
  408    2486.15    0.00012905984
  409    2472.70    0.00013212394
  410    2459.43    0.00013522593
  411    2446.34    0.00013836444
  412    2433.44    0.00014153810
  413    2420.72    0.00014474553
  414    2408.17    0.00014798533
  415    2395.81    0.00015125611
  416    2383.62    0.00015455646
  417    2371.61    0.00015788498
  418    2359.78    0.00016124024
  419    2348.11    0.00016462083
  420    2336.62    0.00016802534
  421    2325.29    0.00017145234
  422    2314.14    0.00017490041
  423    2303.14    0.00017836814
  424    2292.32    0.00018185410
  425    2281.65    0.00018535688
  426    2271.14    0.00018887507
  427    2260.80    0.00019240726
  428    2250.60    0.00019595205
  429    2240.57    0.00019950804
  430    2230.68    0.00020307384
  431    2220.95    0.00020664809
  432    2211.37    0.00021022939
  433    2201.93    0.00021381640
  434    2192.64    0.00021740775
  435    2183.49    0.00022100211
  436    2174.49    0.00022459816
  437    2165.62    0.00022819457
  438    2156.89    0.00023179005
  439    2148.30    0.00023538330
  440    2139.85    0.00023897306
  441    2131.53    0.00024255807
  442    2123.33    0.00024613708
  443    2115.27    0.00024970887
  444    2107.33    0.00025327225
  445    2099.53    0.00025682601
  446    2091.84    0.00026036899
  447    2084.28    0.00026390004
  448    2076.83    0.00026741803
  449    2069.51    0.00027092184
  450    2062.30    0.00027441038
  451    2055.21    0.00027788259
  452    2048.23    0.00028133741
  453    2041.37    0.00028477382
  454    2034.61    0.00028819080
  455    2027.97    0.00029158738
  456    2021.43    0.00029496259
  457    2014.99    0.00029831549
  458    2008.66    0.00030164516
  459    2002.44    0.00030495070
  460    1996.31    0.00030823124
  461    1990.28    0.00031148594
  462    1984.35    0.00031471396
  463    1978.52    0.00031791450
  464    1972.78    0.00032108677
  465    1967.14    0.00032423002
  466    1961.59    0.00032734350
  467    1956.12    0.00033042651
  468    1950.75    0.00033347834
  469    1945.47    0.00033649834
  470    1940.27    0.00033948584
  471    1935.15    0.00034244022
  472    1930.13    0.00034536089
  473    1925.18    0.00034824724
  474    1920.31    0.00035109872
  475    1915.53    0.00035391479
  476    1910.01    0.00035669492
  477    1905.39    0.00035943861
  478    1900.85    0.00036214539
  479    1896.38    0.00036481478
  480    1891.96    0.00036744634
  481    1887.58    0.00037003965
  482    1883.22    0.00037259430
  483    1878.89    0.00037510990
  484    1874.59    0.00037758608
  485    1870.31    0.00038002248
  486    1866.04    0.00038241878
  487    1861.75    0.00038477463
  488    1857.46    0.00038708975
  489    1853.13    0.00038936384
  490    1848.78    0.00039159662
  491    1844.41    0.00039378783
  492    1839.97    0.00039593723
  493    1835.46    0.00039804458
  494    1830.88    0.00040010966
  495    1826.17    0.00040213226
  496    1821.33    0.00040411219
  497    1816.35    0.00040604926
  498    1811.19    0.00040794330
  499    1805.85    0.00040979414
  500    1800.32    0.00041160165
  501    1794.57    0.00041336566
  502    1788.61    0.00041508606
  503    1782.43    0.00041676272
  504    1775.99    0.00041839552
  505    1769.31    0.00041998436
  506    1762.34    0.00042152914
  507    1755.09    0.00042302976
  508    1747.54    0.00042448616
  509    1739.71    0.00042589824
  510    1731.64    0.00042726594
  511    1723.34    0.00042858919
  512    1714.79    0.00042986793
  513    1705.99    0.00043110212
  514    1696.95    0.00043229170
  515    1687.67    0.00043343662
  516    1678.16    0.00043453685
  517    1668.43    0.00043559236
  518    1658.52    0.00043660310
  519    1648.42    0.00043756905
  520    1638.15    0.00043849019
  521    1627.64    0.00043936649
  522    1616.88    0.00044019794
  523    1605.89    0.00044098450
  524    1594.69    0.00044172618
  525    1583.27    0.00044242296
  526    1571.65    0.00044307482
  527    1559.83    0.00044368175
  528    1547.81    0.00044424375
  529    1535.61    0.00044476081
  530    1523.24    0.00044523293
  531    1510.74    0.00044566009
  532    1498.16    0.00044604230
  533    1485.52    0.00044637955
  534    1472.83    0.00044667183
  535    1460.09    0.00044691915
  536    1447.31    0.00044712151
  537    1434.50    0.00044727890
  538    1421.69    0.00044739132
  539    1408.92    0.00044745878
  540    1396.22    0.00044748126
  541    1383.62    0.00044745878
  542    1371.15    0.00044739132
  543    1358.83    0.00044727890
  544    1346.68    0.00044712151
  545    1334.74    0.00044691915
  546    1323.06    0.00044667183
  547    1311.66    0.00044637955
  548    1300.59    0.00044604230
  549    1289.87    0.00044566009
  550    1279.57    0.00044523293
  551    1269.76    0.00044476081
  552    1260.49    0.00044424375
  553    1251.80    0.00044368175
  554    1243.73    0.00044307482
  555    1236.29    0.00044242296
  556    1229.49    0.00044172618
  557    1223.32    0.00044098450
  558    1217.76    0.00044019794
  559    1212.75    0.00043936649
  560    1208.25    0.00043849019
  561    1204.19    0.00043756905
  562    1200.50    0.00043660310
  563    1197.13    0.00043559236
  564    1194.00    0.00043453685
  565    1191.05    0.00043343662
  566    1188.22    0.00043229170
  567    1185.45    0.00043110212
  568    1182.70    0.00042986793
  569    1179.93    0.00042858919
  570    1177.09    0.00042726594
  571    1174.17    0.00042589824
  572    1171.13    0.00042448616
  573    1167.95    0.00042302976
  574    1164.62    0.00042152914
  575    1161.13    0.00041998436
  576    1157.47    0.00041839552
  577    1153.63    0.00041676272
  578    1149.62    0.00041508606
  579    1145.44    0.00041336566
  580    1141.08    0.00041160165
  581    1136.55    0.00040979414
  582    1131.86    0.00040794330
  583    1127.02    0.00040604926
  584    1122.03    0.00040411219
  585    1116.91    0.00040213226
  586    1111.67    0.00040010966
  587    1106.33    0.00039804458
  588    1100.90    0.00039593723
  589    1095.40    0.00039378783
  590    1089.86    0.00039159662
  591    1084.30    0.00038936384
  592    1078.76    0.00038708975
  593    1073.26    0.00038477463
  594    1067.85    0.00038241878
  595    1062.58    0.00038002248
  596    1057.50    0.00037758608
  597    1052.69    0.00037510990
  598    1048.24    0.00037259430
  599    1044.26    0.00037003965
  600    1040.86    0.00036744634
  601    1038.22    0.00036481478
  602    1036.53    0.00036214539
  603    1036.01    0.00035943861
  604    1037.05    0.00035669492
  605    1040.51    0.00035391479
  606    1045.11    0.00035109872
  607    1050.99    0.00034824724
  608    1058.08    0.00034536089
  609    1066.22    0.00034244022
  610    1075.20    0.00033948584
  611    1084.77    0.00033649834
  612    1094.68    0.00033347834
  613    1104.72    0.00033042651
  614    1114.67    0.00032734350
  615    1124.38    0.00032423002
  616    1133.70    0.00032108677
  617    1142.54    0.00031791450
  618    1150.82    0.00031471396
  619    1158.49    0.00031148594
  620    1165.54    0.00030823124
  621    1171.95    0.00030495070
  622    1177.73    0.00030164516
  623    1182.87    0.00029831549
  624    1187.39    0.00029496259
  625    1191.33    0.00029158738
  626    1194.71    0.00028819080
  627    1197.55    0.00028477382
  628    1199.93    0.00028133741
  629    1201.82    0.00027788259
  630    1203.30    0.00027441038
  631    1204.41    0.00027092184
  632    1205.17    0.00026741803
  633    1205.63    0.00026390004
  634    1205.80    0.00026036899
  635    1205.72    0.00025682601
  636    1205.40    0.00025327225
  637    1204.88    0.00024970887
  638    1204.18    0.00024613708
  639    1203.31    0.00024255807
  640    1202.32    0.00023897306
  641    1201.21    0.00023538330
  642    1200.01    0.00023179005
  643    1198.74    0.00022819457
  644    1197.44    0.00022459816
  645    1196.10    0.00022100211
  646    1194.77    0.00021740775
  647    1193.44    0.00021381640
  648    1192.14    0.00021022939
  649    1190.88    0.00020664809
  650    1189.67    0.00020307384
  651    1188.54    0.00019950804
  652    1187.49    0.00019595205
  653    1186.54    0.00019240726
  654    1185.70    0.00018887507
  655    1184.96    0.00018535688
  656    1184.35    0.00018185410
  657    1183.85    0.00017836814
  658    1183.46    0.00017490041
  659    1183.18    0.00017145234
  660    1182.99    0.00016802534
  661    1182.88    0.00016462083
  662    1182.83    0.00016124024
  663    1182.82    0.00015788498
  664    1182.84    0.00015455646
  665    1182.85    0.00015125611
  666    1182.84    0.00014798533
  667    1182.77    0.00014474553
  668    1182.60    0.00014153810
  669    1182.32    0.00013836444
  670    1181.87    0.00013522593
  671    1181.24    0.00013212394
  672    1180.38    0.00012905984
  673    1179.27    0.00012603499
  674    1177.86    0.00012305073
  675    1176.13    0.00012010838
  676    1174.05    0.00011720927
  677    1171.58    0.00011435469
  678    1168.69    0.00011154593
  679    1165.38    0.00010878427
  680    1161.64    0.00010607095
  681    1157.49    0.00010340722
  682    1152.87    0.00010079428
  683    1147.60    0.00009823334
  684    1141.72    0.00009572557
  685    1135.28    0.00009327212
  686    1128.31    0.00009087414
  687    1120.89    0.00008853272
  688    1113.07    0.00008624896
  689    1104.92    0.00008402392
  690    1096.51    0.00008185864
  691    1087.90    0.00007975412
  692    1079.17    0.00007771135
  693    1070.39    0.00007573130
  694    1061.60    0.00007381489
  695    1052.86    0.00007196302
  696    1044.23    0.00007017656
  697    1035.76    0.00006845637
  698    1027.47    0.00006680324
  699    1019.39    0.00006521797
  700    1011.55    0.00006370131
  701    546.66    0.00006225398
  702    947.44    0.00006087666
  703    936.93    0.00005957001
  704    926.04    0.00005833465
  705    916.40    0.00005717117
  706    907.67    0.00005608013
  707    899.70    0.00005506205
  708    892.32    0.00005411741
  709    885.50    0.00005324667
  710    879.15    0.00005245024
  711    873.16    0.00005172850
  712    867.46    0.00005108180
  713    861.99    0.00005051046
  714    856.62    0.00005001474
  715    851.34    0.00004959487
  716    846.09    0.00004925108
  717    840.80    0.00004898351
  718    835.51    0.00004879229
  719    830.32    0.00004867753
  720    825.29    0.00004863927
    1    820.61    0.00004867753
    2    816.22    0.00004879229
    3    812.27    0.00004898351
    4    808.20    0.00004925108
    5    804.05    0.00004959487
    6    799.85    0.00005001474
    7    795.57    0.00005051046
    8    791.17    0.00005108180
    9    786.64    0.00005172850
   10    781.95    0.00005245024
   11    777.09    0.00005324667
   12    772.00    0.00005411741
   13    766.64    0.00005506205
   14    760.97    0.00005608013
   15    754.94    0.00005717117
   16    748.54    0.00005833465
   17    741.73    0.00005957001
   18    734.51    0.00006087666
   19    726.90    0.00006225398
   20    718.89    0.00006370131
   21    710.51    0.00006521797
   22    701.78    0.00006680324
   23    692.74    0.00006845637
   24    683.40    0.00007017656
   25    673.82    0.00007196302
   26    664.02    0.00007381489
   27    654.05    0.00007573130
   28    643.92    0.00007771135
   29    633.68    0.00007975412
   30    623.38    0.00008185864
   31    613.08    0.00008402392
   32    602.83    0.00008624896
   33    592.65    0.00008853272
   34    582.58    0.00009087414
   35    572.64    0.00009327212
   36    562.91    0.00009572557
   37    548.48    0.00009823334
   38    538.46    0.00010079428
   39    528.86    0.00010340722
   40    519.68    0.00010607095
   41    510.94    0.00010878427
   42    502.63    0.00011154593
   43    494.74    0.00011435469
   44    487.27    0.00011720927
   45    480.20    0.00012010838
   46    473.50    0.00012305073
   47    467.17    0.00012603499
   48    461.19    0.00012905984
   49    455.50    0.00013212394
   50    450.10    0.00013522593
   51    444.98    0.00013836444
   52    440.14    0.00014153810
   53    435.56    0.00014474553
   54    431.23    0.00014798533
   55    427.14    0.00015125611
   56    423.27    0.00015455646
   57    419.61    0.00015788498
   58    416.16    0.00016124024
   59    412.90    0.00016462083
   60    409.82    0.00016802534
   61    406.90    0.00017145234
   62    404.15    0.00017490041
   63    401.54    0.00017836814
   64    399.08    0.00018185410
   65    396.74    0.00018535688
   66    394.53    0.00018887507
   67    392.44    0.00019240726
   68    390.45    0.00019595205
   69    388.57    0.00019950804
   70    386.78    0.00020307384
   71    385.08    0.00020664809
   72    383.46    0.00021022939
   73    381.92    0.00021381640
   74    380.46    0.00021740775
   75    379.06    0.00022100211
   76    377.74    0.00022459816
   77    376.47    0.00022819457
   78    375.26    0.00023179005
   79    374.10    0.00023538330
   80    372.99    0.00023897306
   81    371.93    0.00024255807
   82    370.92    0.00024613708
   83    369.95    0.00024970887
   84    369.01    0.00025327225
   85    368.12    0.00025682601
   86    367.26    0.00026036899
   87    366.44    0.00026390004
   88    365.64    0.00026741803
   89    364.88    0.00027092184
   90    364.15    0.00027441038
   91    363.45    0.00027788259
   92    362.78    0.00028133741
   93    362.14    0.00028477382
   94    361.53    0.00028819080
   95    360.95    0.00029158738
   96    360.39    0.00029496259
   97    359.87    0.00029831549
   98    359.37    0.00030164516
   99    358.91    0.00030495070
  100    358.47    0.00030823124
  101    358.06    0.00031148594
  102    357.68    0.00031471396
  103    357.32    0.00031791450
  104    356.99    0.00032108677
  105    356.68    0.00032423002
  106    356.40    0.00032734350
  107    356.14    0.00033042651
  108    355.90    0.00033347834
  109    355.67    0.00033649834
  110    355.47    0.00033948584
  111    355.28    0.00034244022
  112    355.11    0.00034536089
  113    354.95    0.00034824724
  114    354.81    0.00035109872
  115    354.68    0.00035391479
  116    354.57    0.00035669492
  117    354.46    0.00035943861
  118    354.36    0.00036214539
  119    354.28    0.00036481478
  120    354.20    0.00036744634
  121    354.14    0.00037003965
  122    354.08    0.00037259430
  123    354.02    0.00037510990
  124    353.98    0.00037758608
  125    353.94    0.00038002248
  126    353.91    0.00038241878
  127    353.89    0.00038477463
  128    353.87    0.00038708975
  129    353.86    0.00038936384
  130    353.85    0.00039159662
  131    353.85    0.00039378783
  132    353.85    0.00039593723
  133    353.86    0.00039804458
  134    353.88    0.00040010966
  135    353.90    0.00040213226
  136    353.92    0.00040411219
  137    353.95    0.00040604926
  138    353.98    0.00040794330
  139    354.02    0.00040979414
  140    354.06    0.00041160165
  141    354.11    0.00041336566
  142    354.16    0.00041508606
  143    354.22    0.00041676272
  144    354.28    0.00041839552
  145    354.34    0.00041998436
  146    354.41    0.00042152914
  147    354.48    0.00042302976
  148    354.55    0.00042448616
  149    354.63    0.00042589824
  150    354.71    0.00042726594
  151    354.80    0.00042858919
  152    354.89    0.00042986793
  153    354.99    0.00043110212
  154    355.08    0.00043229170
  155    355.19    0.00043343662
  156    355.29    0.00043453685
  157    355.40    0.00043559236
  158    355.51    0.00043660310
  159    355.63    0.00043756905
  160    355.75    0.00043849019
  161    355.87    0.00043936649
  162    355.99    0.00044019794
  163    356.12    0.00044098450
  164    356.26    0.00044172618
  165    356.39    0.00044242296
  166    356.53    0.00044307482
  167    356.68    0.00044368175
  168    356.82    0.00044424375
  169    356.97    0.00044476081
  170    357.12    0.00044523293
  171    357.28    0.00044566009
  172    357.44    0.00044604230
  173    357.60    0.00044637955
  174    357.77    0.00044667183
  175    357.93    0.00044691915
  176    358.11    0.00044712151
  177    358.28    0.00044727890
  178    358.46    0.00044739132
  179    358.65    0.00044745878
  180    358.85    0.00044748126
  181    359.05    0.00044745878
  182    359.25    0.00044739132
  183    359.45    0.00044727890
  184    359.67    0.00044712151
  185    359.89    0.00044691915
  186    360.09    0.00044667183
  187    360.27    0.00044637955
  188    360.47    0.00044604230
  189    360.67    0.00044566009
  190    360.89    0.00044523293
  191    361.12    0.00044476081
  192    361.37    0.00044424375
  193    361.59    0.00044368175
  194    361.86    0.00044307482
  195    362.09    0.00044242296
  196    362.32    0.00044172618
  197    362.53    0.00044098450
  198    362.75    0.00044019794
  199    362.95    0.00043936649
  200    363.15    0.00043849019
  201    363.35    0.00043756905
  202    363.54    0.00043660310
  203    363.73    0.00043559236
  204    363.91    0.00043453685
  205    364.10    0.00043343662
  206    364.29    0.00043229170
  207    364.47    0.00043110212
  208    364.66    0.00042986793
  209    364.86    0.00042858919
  210    365.05    0.00042726594
  211    365.26    0.00042589824
  212    365.47    0.00042448616
  213    365.69    0.00042302976
  214    365.93    0.00042152914
  215    366.18    0.00041998436
  216    366.45    0.00041839552
  217    366.74    0.00041676272
  218    367.06    0.00041508606
  219    367.40    0.00041336566
  220    367.77    0.00041160165
  221    368.17    0.00040979414
  222    368.60    0.00040794330
  223    369.06    0.00040604926
  224    369.55    0.00040411219
  225    370.08    0.00040213226
  226    370.63    0.00040010966
  227    371.22    0.00039804458
  228    371.84    0.00039593723
  229    372.49    0.00039378783
  230    373.17    0.00039159662
  231    373.87    0.00038936384
  232    374.60    0.00038708975
  233    375.36    0.00038477463
  234    376.15    0.00038241878
  235    376.95    0.00038002248
  236    377.79    0.00037758608
  237    378.64    0.00037510990
  238    379.52    0.00037259430
  239    380.43    0.00037003965
  240    381.35    0.00036744634
  241    382.31    0.00036481478
  242    383.28    0.00036214539
  243    384.29    0.00035943861
  244    385.32    0.00035669492
  245    386.38    0.00035391479
  246    387.47    0.00035109872
  247    388.59    0.00034824724
  248    389.73    0.00034536089
  249    390.91    0.00034244022
  250    392.11    0.00033948584
  251    393.34    0.00033649834
  252    394.60    0.00033347834
  253    395.89    0.00033042651
  254    397.21    0.00032734350
  255    398.56    0.00032423002
  256    399.94    0.00032108677
  257    401.35    0.00031791450
  258    402.79    0.00031471396
  259    404.26    0.00031148594
